"October 28, 2023 at 12:30PM",Readings,temperature,30.7999992370605,2023-10-28T11:30:01.253Z
"October 28, 2023 at 12:31PM",Readings,humidity,79.0,2023-10-28T11:30:59.93Z
"October 28, 2023 at 12:31PM",Readings,temperature,30.7999992370605,2023-10-28T11:31:01.22Z
"October 28, 2023 at 12:32PM",Readings,humidity,78.0,2023-10-28T11:32:00.202Z
"October 28, 2023 at 12:32PM",Readings,temperature,30.7999992370605,2023-10-28T11:32:00.952Z
"October 28, 2023 at 12:33PM",Readings,humidity,78.0,2023-10-28T11:33:00.148Z
"October 28, 2023 at 12:33PM",Readings,temperature,31.2999992370605,2023-10-28T11:33:00.758Z
"October 28, 2023 at 12:34PM",Readings,humidity,78.0,2023-10-28T11:34:00.579Z
"October 28, 2023 at 12:34PM",Readings,temperature,31.1000003814697,2023-10-28T11:34:01.067Z
"October 28, 2023 at 12:35PM",Readings,humidity,79.0,2023-10-28T11:34:59.951Z
"October 28, 2023 at 12:35PM",Readings,temperature,31.2999992370605,2023-10-28T11:35:00.737Z
"October 28, 2023 at 12:36PM",Readings,humidity,79.0,2023-10-28T11:36:00.161Z
"October 28, 2023 at 12:36PM",Readings,temperature,31.2999992370605,2023-10-28T11:36:00.88Z
"October 28, 2023 at 12:37PM",Readings,humidity,79.0,2023-10-28T11:37:00.084Z
"October 28, 2023 at 12:37PM",Readings,temperature,31.2999992370605,2023-10-28T11:37:01.082Z
"October 28, 2023 at 12:38PM",Readings,humidity,79.0,2023-10-28T11:38:00.588Z
"October 28, 2023 at 12:38PM",Readings,temperature,31.2999992370605,2023-10-28T11:38:00.99Z
"October 28, 2023 at 12:39PM",Readings,humidity,79.0,2023-10-28T11:39:00.277Z
"October 28, 2023 at 12:39PM",Readings,temperature,31.2999992370605,2023-10-28T11:39:00.777Z
"October 28, 2023 at 12:40PM",Readings,humidity,79.0,2023-10-28T11:40:00.296Z
"October 28, 2023 at 12:40PM",Readings,temperature,31.2999992370605,2023-10-28T11:40:00.805Z
"October 28, 2023 at 12:41PM",Readings,humidity,79.0,2023-10-28T11:41:02.082Z
"October 28, 2023 at 12:41PM",Readings,temperature,31.2999992370605,2023-10-28T11:41:02.084Z
"October 28, 2023 at 12:42PM",Readings,humidity,79.0,2023-10-28T11:42:00.408Z
"October 28, 2023 at 12:42PM",Readings,temperature,31.2999992370605,2023-10-28T11:42:01.12Z
"October 28, 2023 at 12:43PM",Readings,humidity,79.0,2023-10-28T11:43:00.477Z
"October 28, 2023 at 12:43PM",Readings,temperature,31.2999992370605,2023-10-28T11:43:00.976Z
"October 28, 2023 at 12:44PM",Readings,humidity,79.0,2023-10-28T11:44:00.319Z
"October 28, 2023 at 12:44PM",Readings,temperature,31.2999992370605,2023-10-28T11:44:00.954Z
"October 28, 2023 at 12:45PM",Readings,humidity,79.0,2023-10-28T11:45:00.342Z
"October 28, 2023 at 12:45PM",Readings,temperature,31.2999992370605,2023-10-28T11:45:01.242Z
"October 28, 2023 at 12:46PM",Readings,humidity,79.0,2023-10-28T11:46:00.538Z
"October 28, 2023 at 12:46PM",Readings,temperature,31.2999992370605,2023-10-28T11:46:01.146Z
"October 28, 2023 at 12:47PM",Readings,humidity,79.0,2023-10-28T11:47:00.543Z
"October 28, 2023 at 12:47PM",Readings,temperature,31.2999992370605,2023-10-28T11:47:01.153Z
"October 28, 2023 at 12:48PM",Readings,humidity,79.0,2023-10-28T11:48:00.64Z
"October 28, 2023 at 12:48PM",Readings,temperature,31.2999992370605,2023-10-28T11:48:01.09Z
"October 28, 2023 at 12:49PM",Readings,humidity,79.0,2023-10-28T11:49:00.765Z
"October 28, 2023 at 12:49PM",Readings,temperature,31.2999992370605,2023-10-28T11:49:01.224Z
"October 28, 2023 at 12:50PM",Readings,humidity,79.0,2023-10-28T11:50:01.282Z
"October 28, 2023 at 12:50PM",Readings,temperature,31.2999992370605,2023-10-28T11:50:01.584Z
"October 28, 2023 at 12:51PM",Readings,humidity,79.0,2023-10-28T11:51:00.771Z
"October 28, 2023 at 12:51PM",Readings,temperature,31.2999992370605,2023-10-28T11:51:01.421Z
"October 28, 2023 at 12:52PM",Readings,humidity,78.0,2023-10-28T11:52:00.793Z
"October 28, 2023 at 12:52PM",Readings,temperature,31.7999992370605,2023-10-28T11:52:01.701Z
"October 28, 2023 at 12:53PM",Readings,humidity,78.0,2023-10-28T11:53:00.878Z
"October 28, 2023 at 12:53PM",Readings,temperature,31.7999992370605,2023-10-28T11:53:01.698Z
"October 28, 2023 at 12:54PM",Readings,humidity,77.0,2023-10-28T11:54:00.995Z
"October 28, 2023 at 12:54PM",Readings,temperature,31.7999992370605,2023-10-28T11:54:01.824Z
"October 28, 2023 at 12:55PM",Readings,humidity,77.0,2023-10-28T11:55:01.213Z
"October 28, 2023 at 12:55PM",Readings,temperature,31.7999992370605,2023-10-28T11:55:01.707Z
"October 28, 2023 at 12:56PM",Readings,humidity,76.0,2023-10-28T11:56:01.006Z
"October 28, 2023 at 12:56PM",Readings,temperature,31.7999992370605,2023-10-28T11:56:01.746Z
"October 28, 2023 at 12:57PM",Readings,humidity,76.0,2023-10-28T11:57:01.019Z
"October 28, 2023 at 12:57PM",Readings,temperature,31.7999992370605,2023-10-28T11:57:03.211Z
"October 28, 2023 at 12:58PM",Readings,humidity,76.0,2023-10-28T11:58:01.648Z
"October 28, 2023 at 12:58PM",Readings,temperature,31.7999992370605,2023-10-28T11:58:02.043Z
"October 28, 2023 at 12:59PM",Readings,humidity,76.0,2023-10-28T11:59:01.02Z
"October 28, 2023 at 12:59PM",Readings,temperature,31.7999992370605,2023-10-28T11:59:01.776Z
"October 28, 2023 at 01:00PM",Readings,humidity,75.0,2023-10-28T12:00:01.129Z
"October 28, 2023 at 01:00PM",Readings,temperature,31.7999992370605,2023-10-28T12:00:01.788Z
"October 28, 2023 at 01:01PM",Readings,humidity,75.0,2023-10-28T12:01:01.151Z
"October 28, 2023 at 01:01PM",Readings,temperature,31.2999992370605,2023-10-28T12:01:01.811Z
"October 28, 2023 at 01:02PM",Readings,humidity,75.0,2023-10-28T12:02:01.252Z
"October 28, 2023 at 01:02PM",Readings,temperature,31.2999992370605,2023-10-28T12:02:01.97Z
"October 28, 2023 at 01:03PM",Readings,humidity,75.0,2023-10-28T12:03:01.875Z
"October 28, 2023 at 01:03PM",Readings,temperature,31.2999992370605,2023-10-28T12:03:02.378Z
"October 28, 2023 at 01:04PM",Readings,humidity,75.0,2023-10-28T12:04:01.269Z
"October 28, 2023 at 01:04PM",Readings,temperature,31.7999992370605,2023-10-28T12:04:02.034Z
"October 28, 2023 at 01:05PM",Readings,humidity,75.0,2023-10-28T12:05:01.574Z
"October 28, 2023 at 01:05PM",Readings,temperature,31.7999992370605,2023-10-28T12:05:02.123Z
"October 28, 2023 at 01:06PM",Readings,humidity,75.0,2023-10-28T12:06:01.579Z
"October 28, 2023 at 01:06PM",Readings,temperature,31.7999992370605,2023-10-28T12:06:02.299Z
"October 28, 2023 at 01:07PM",Readings,humidity,75.0,2023-10-28T12:07:01.595Z
"October 28, 2023 at 01:07PM",Readings,temperature,31.7999992370605,2023-10-28T12:07:02.315Z
"October 28, 2023 at 01:08PM",Readings,temperature,31.7999992370605,2023-10-28T12:08:02.322Z
"October 28, 2023 at 01:08PM",Readings,humidity,75.0,2023-10-28T12:08:02.32Z
"October 28, 2023 at 01:09PM",Readings,humidity,76.0,2023-10-28T12:09:01.599Z
"October 28, 2023 at 01:09PM",Readings,temperature,31.7999992370605,2023-10-28T12:09:02.319Z
"October 28, 2023 at 01:10PM",Readings,humidity,75.0,2023-10-28T12:10:01.717Z
"October 28, 2023 at 01:10PM",Readings,temperature,31.7999992370605,2023-10-28T12:10:02.359Z
"October 28, 2023 at 01:11PM",Readings,humidity,75.0,2023-10-28T12:11:01.922Z
"October 28, 2023 at 01:11PM",Readings,temperature,31.7999992370605,2023-10-28T12:11:02.431Z
"October 28, 2023 at 01:12PM",Readings,humidity,75.0,2023-10-28T12:12:01.725Z
"October 28, 2023 at 01:12PM",Readings,temperature,31.7999992370605,2023-10-28T12:12:02.407Z
"October 28, 2023 at 01:13PM",Readings,humidity,75.0,2023-10-28T12:13:01.838Z
"October 28, 2023 at 01:13PM",Readings,temperature,31.7999992370605,2023-10-28T12:13:02.388Z
"October 28, 2023 at 01:14PM",Readings,humidity,75.0,2023-10-28T12:14:01.735Z
"October 28, 2023 at 01:14PM",Readings,temperature,32.2999992370605,2023-10-28T12:14:02.454Z
"October 28, 2023 at 01:15PM",Readings,humidity,75.0,2023-10-28T12:15:01.944Z
"October 28, 2023 at 01:15PM",Readings,temperature,32.2999992370605,2023-10-28T12:15:02.872Z
"October 28, 2023 at 01:16PM",Readings,temperature,32.2999992370605,2023-10-28T12:16:03.594Z
"October 28, 2023 at 01:16PM",Readings,humidity,75.0,2023-10-28T12:16:03.593Z
"October 28, 2023 at 01:17PM",Readings,humidity,75.0,2023-10-28T12:17:01.855Z
"October 28, 2023 at 01:17PM",Readings,temperature,32.2999992370605,2023-10-28T12:17:02.525Z
"October 28, 2023 at 01:18PM",Readings,humidity,73.0,2023-10-28T12:18:01.869Z
"October 28, 2023 at 01:18PM",Readings,temperature,32.0,2023-10-28T12:18:03.139Z
"October 28, 2023 at 01:19PM",Readings,temperature,32.2999992370605,2023-10-28T12:19:45.074Z
"October 28, 2023 at 01:20PM",Readings,humidity,75.0,2023-10-28T12:20:01.978Z
"October 28, 2023 at 01:20PM",Readings,temperature,32.2999992370605,2023-10-28T12:20:02.628Z
"October 28, 2023 at 01:21PM",Readings,humidity,74.0,2023-10-28T12:21:02.091Z
"October 28, 2023 at 01:21PM",Readings,temperature,32.2999992370605,2023-10-28T12:21:03.121Z
"October 28, 2023 at 01:22PM",Readings,humidity,75.0,2023-10-28T12:22:02.096Z
"October 28, 2023 at 01:22PM",Readings,temperature,32.2999992370605,2023-10-28T12:22:02.684Z
"October 28, 2023 at 01:23PM",Readings,humidity,75.0,2023-10-28T12:23:02.105Z
"October 28, 2023 at 01:23PM",Readings,temperature,31.7999992370605,2023-10-28T12:23:02.819Z
"October 28, 2023 at 01:24PM",Readings,humidity,75.0,2023-10-28T12:24:02.103Z
"October 28, 2023 at 01:24PM",Readings,temperature,31.7999992370605,2023-10-28T12:24:04.862Z
"October 28, 2023 at 01:25PM",Readings,temperature,31.7999992370605,2023-10-28T12:25:02.863Z
"October 28, 2023 at 01:25PM",Readings,humidity,75.0,2023-10-28T12:25:02.213Z
"October 28, 2023 at 01:26PM",Readings,humidity,75.0,2023-10-28T12:26:02.124Z
"October 28, 2023 at 01:26PM",Readings,temperature,31.7999992370605,2023-10-28T12:26:02.808Z
"October 28, 2023 at 01:27PM",Readings,humidity,75.0,2023-10-28T12:27:02.23Z
"October 28, 2023 at 01:27PM",Readings,temperature,32.2999992370605,2023-10-28T12:27:02.81Z
"October 28, 2023 at 01:28PM",Readings,humidity,75.0,2023-10-28T12:28:02.135Z
"October 28, 2023 at 01:28PM",Readings,temperature,32.2999992370605,2023-10-28T12:28:02.955Z
"October 28, 2023 at 01:29PM",Readings,humidity,75.0,2023-10-28T12:29:01.978Z
"October 28, 2023 at 01:29PM",Readings,temperature,32.2999992370605,2023-10-28T12:29:02.885Z
"October 28, 2023 at 01:30PM",Readings,humidity,75.0,2023-10-28T12:30:02.15Z
"October 28, 2023 at 01:30PM",Readings,temperature,32.2999992370605,2023-10-28T12:30:02.92Z
"October 28, 2023 at 01:31PM",Readings,humidity,75.0,2023-10-28T12:31:02.049Z
"October 28, 2023 at 01:31PM",Readings,temperature,32.2999992370605,2023-10-28T12:31:02.869Z
"October 28, 2023 at 01:32PM",Readings,humidity,75.0,2023-10-28T12:32:02.276Z
"October 28, 2023 at 01:32PM",Readings,temperature,32.2999992370605,2023-10-28T12:32:03.086Z
"October 28, 2023 at 01:33PM",Readings,humidity,75.0,2023-10-28T12:33:02.504Z
"October 28, 2023 at 01:33PM",Readings,temperature,32.2999992370605,2023-10-28T12:33:03.504Z
"October 28, 2023 at 01:34PM",Readings,humidity,75.0,2023-10-28T12:34:02.272Z
"October 28, 2023 at 01:34PM",Readings,temperature,32.2999992370605,2023-10-28T12:34:03.099Z
"October 28, 2023 at 01:35PM",Readings,humidity,74.0,2023-10-28T12:35:02.279Z
"October 28, 2023 at 01:35PM",Readings,temperature,31.7999992370605,2023-10-28T12:35:03.097Z
"October 28, 2023 at 01:36PM",Readings,humidity,74.0,2023-10-28T12:36:02.6Z
"October 28, 2023 at 01:36PM",Readings,temperature,31.7999992370605,2023-10-28T12:36:03.32Z
"October 28, 2023 at 01:37PM",Readings,humidity,75.0,2023-10-28T12:37:02.404Z
"October 28, 2023 at 01:37PM",Readings,temperature,31.7999992370605,2023-10-28T12:37:03.216Z
"October 28, 2023 at 01:38PM",Readings,humidity,75.0,2023-10-28T12:38:02.506Z
"October 28, 2023 at 01:38PM",Readings,temperature,31.7999992370605,2023-10-28T12:38:03.225Z
"October 28, 2023 at 01:39PM",Readings,humidity,74.0,2023-10-28T12:39:02.415Z
"October 28, 2023 at 01:39PM",Readings,temperature,32.2999992370605,2023-10-28T12:39:03.794Z
"October 28, 2023 at 01:40PM",Readings,humidity,74.0,2023-10-28T12:40:02.318Z
"October 28, 2023 at 01:40PM",Readings,temperature,32.2999992370605,2023-10-28T12:40:03.138Z
"October 28, 2023 at 01:41PM",Readings,humidity,74.0,2023-10-28T12:41:02.674Z
"October 28, 2023 at 01:41PM",Readings,temperature,32.2999992370605,2023-10-28T12:41:03.448Z
"October 28, 2023 at 01:42PM",Readings,humidity,74.0,2023-10-28T12:42:02.328Z
"October 28, 2023 at 01:42PM",Readings,temperature,32.2999992370605,2023-10-28T12:42:03.149Z
"October 28, 2023 at 01:43PM",Readings,humidity,75.0,2023-10-28T12:43:02.434Z
"October 28, 2023 at 01:43PM",Readings,temperature,32.2999992370605,2023-10-28T12:43:03.253Z
"October 28, 2023 at 01:44PM",Readings,humidity,75.0,2023-10-28T12:44:02.455Z
"October 28, 2023 at 01:44PM",Readings,temperature,32.2999992370605,2023-10-28T12:44:03.157Z
"October 28, 2023 at 01:45PM",Readings,humidity,75.0,2023-10-28T12:45:02.55Z
"October 28, 2023 at 01:45PM",Readings,temperature,31.7999992370605,2023-10-28T12:45:03.27Z
"October 28, 2023 at 01:46PM",Readings,humidity,75.0,2023-10-28T12:46:02.454Z
"October 28, 2023 at 01:46PM",Readings,temperature,31.7999992370605,2023-10-28T12:46:03.273Z
"October 28, 2023 at 01:47PM",Readings,humidity,75.0,2023-10-28T12:47:02.574Z
"October 28, 2023 at 01:47PM",Readings,temperature,31.7999992370605,2023-10-28T12:47:04.854Z
"October 28, 2023 at 01:48PM",Readings,humidity,75.0,2023-10-28T12:48:04.766Z
"October 28, 2023 at 01:48PM",Readings,temperature,31.7999992370605,2023-10-28T12:48:04.768Z
"October 28, 2023 at 01:49PM",Readings,humidity,75.0,2023-10-28T12:49:02.58Z
"October 28, 2023 at 01:49PM",Readings,temperature,31.7999992370605,2023-10-28T12:49:03.26Z
"October 28, 2023 at 01:50PM",Readings,temperature,31.7999992370605,2023-10-28T12:50:03.29Z
"October 28, 2023 at 01:50PM",Readings,humidity,75.0,2023-10-28T12:50:02.491Z
"October 28, 2023 at 01:51PM",Readings,humidity,75.0,2023-10-28T12:51:02.492Z
"October 28, 2023 at 01:51PM",Readings,temperature,31.7999992370605,2023-10-28T12:51:03.412Z
"October 28, 2023 at 01:52PM",Readings,humidity,75.0,2023-10-28T12:52:02.491Z
"October 28, 2023 at 01:52PM",Readings,temperature,31.7999992370605,2023-10-28T12:52:03.421Z
"October 28, 2023 at 01:53PM",Readings,humidity,75.0,2023-10-28T12:53:02.715Z
"October 28, 2023 at 01:53PM",Readings,temperature,31.7999992370605,2023-10-28T12:53:04.815Z
"October 28, 2023 at 01:54PM",Readings,humidity,75.0,2023-10-28T12:54:02.61Z
"October 28, 2023 at 01:54PM",Readings,temperature,31.7999992370605,2023-10-28T12:54:03.431Z
"October 28, 2023 at 01:55PM",Readings,humidity,75.0,2023-10-28T12:55:02.71Z
"October 28, 2023 at 01:55PM",Readings,temperature,31.7999992370605,2023-10-28T12:55:03.431Z
"October 28, 2023 at 01:56PM",Readings,humidity,75.0,2023-10-28T12:56:02.746Z
"October 28, 2023 at 01:56PM",Readings,temperature,31.7999992370605,2023-10-28T12:56:03.55Z
"October 28, 2023 at 01:57PM",Readings,humidity,75.0,2023-10-28T12:57:02.723Z
"October 28, 2023 at 01:57PM",Readings,temperature,31.7999992370605,2023-10-28T12:57:03.449Z
"October 28, 2023 at 01:58PM",Readings,humidity,76.0,2023-10-28T12:58:02.743Z
"October 28, 2023 at 01:58PM",Readings,temperature,31.2999992370605,2023-10-28T12:58:03.453Z
"October 28, 2023 at 01:59PM",Readings,humidity,76.0,2023-10-28T12:59:02.741Z
"October 28, 2023 at 01:59PM",Readings,temperature,31.2999992370605,2023-10-28T12:59:03.582Z
"October 28, 2023 at 02:00PM",Readings,humidity,76.0,2023-10-28T13:00:04.837Z
"October 28, 2023 at 02:00PM",Readings,temperature,31.2999992370605,2023-10-28T13:00:04.838Z
"October 28, 2023 at 02:01PM",Readings,humidity,75.0,2023-10-28T13:01:02.765Z
"October 28, 2023 at 02:01PM",Readings,temperature,31.7999992370605,2023-10-28T13:01:03.575Z
"October 28, 2023 at 02:02PM",Readings,humidity,75.0,2023-10-28T13:02:02.881Z
"October 28, 2023 at 02:02PM",Readings,temperature,31.7999992370605,2023-10-28T13:02:03.592Z
"October 28, 2023 at 02:03PM",Readings,humidity,75.0,2023-10-28T13:03:04.926Z
"October 28, 2023 at 02:03PM",Readings,temperature,31.7999992370605,2023-10-28T13:03:04.928Z
"October 28, 2023 at 02:04PM",Readings,humidity,75.0,2023-10-28T13:04:02.78Z
"October 28, 2023 at 02:04PM",Readings,temperature,31.7999992370605,2023-10-28T13:04:03.6Z
"October 28, 2023 at 02:05PM",Readings,humidity,75.0,2023-10-28T13:05:02.812Z
"October 28, 2023 at 02:05PM",Readings,temperature,31.7999992370605,2023-10-28T13:05:03.585Z
"October 28, 2023 at 02:06PM",Readings,humidity,76.0,2023-10-28T13:06:02.895Z
"October 28, 2023 at 02:06PM",Readings,temperature,31.7999992370605,2023-10-28T13:06:03.616Z
"October 28, 2023 at 02:07PM",Readings,humidity,76.0,2023-10-28T13:07:02.915Z
"October 28, 2023 at 02:07PM",Readings,temperature,31.7999992370605,2023-10-28T13:07:03.621Z
"October 28, 2023 at 02:08PM",Readings,humidity,75.0,2023-10-28T13:08:02.919Z
"October 28, 2023 at 02:08PM",Readings,temperature,31.2999992370605,2023-10-28T13:08:03.73Z
"October 28, 2023 at 02:09PM",Readings,humidity,75.0,2023-10-28T13:09:03.237Z
"October 28, 2023 at 02:09PM",Readings,temperature,31.2999992370605,2023-10-28T13:09:03.837Z
"October 28, 2023 at 02:10PM",Readings,humidity,76.0,2023-10-28T13:10:02.916Z
"October 28, 2023 at 02:10PM",Readings,temperature,31.2999992370605,2023-10-28T13:10:03.747Z
"October 28, 2023 at 02:11PM",Readings,humidity,78.0,2023-10-28T13:11:02.937Z
"October 28, 2023 at 02:11PM",Readings,temperature,30.8999996185302,2023-10-28T13:11:03.749Z
"October 28, 2023 at 02:12PM",Readings,humidity,79.0,2023-10-28T13:12:03.038Z
"October 28, 2023 at 02:12PM",Readings,temperature,30.7999992370605,2023-10-28T13:12:03.758Z
"October 28, 2023 at 02:13PM",Readings,humidity,79.0,2023-10-28T13:13:02.936Z
"October 28, 2023 at 02:13PM",Readings,temperature,30.7999992370605,2023-10-28T13:13:03.781Z
"October 28, 2023 at 02:14PM",Readings,humidity,79.0,2023-10-28T13:14:03.053Z
"October 28, 2023 at 02:14PM",Readings,temperature,30.7999992370605,2023-10-28T13:14:03.765Z
"October 28, 2023 at 02:15PM",Readings,humidity,79.0,2023-10-28T13:15:02.848Z
"October 28, 2023 at 02:15PM",Readings,temperature,30.7999992370605,2023-10-28T13:15:03.769Z
"October 28, 2023 at 02:16PM",Readings,humidity,79.0,2023-10-28T13:16:02.959Z
"October 28, 2023 at 02:16PM",Readings,temperature,30.7999992370605,2023-10-28T13:16:03.779Z
"October 28, 2023 at 02:17PM",Readings,humidity,81.0,2023-10-28T13:17:03.072Z
"October 28, 2023 at 02:17PM",Readings,temperature,30.7999992370605,2023-10-28T13:17:05.029Z
"October 28, 2023 at 02:18PM",Readings,humidity,85.0,2023-10-28T13:18:03.084Z
"October 28, 2023 at 02:18PM",Readings,temperature,29.7999992370605,2023-10-28T13:18:03.804Z
"October 28, 2023 at 02:19PM",Readings,humidity,87.0,2023-10-28T13:19:03.079Z
"October 28, 2023 at 02:19PM",Readings,temperature,29.2999992370605,2023-10-28T13:19:03.998Z
"October 28, 2023 at 02:20PM",Readings,humidity,88.0,2023-10-28T13:20:03.1Z
"October 28, 2023 at 02:20PM",Readings,temperature,28.8999996185302,2023-10-28T13:20:03.801Z
"October 28, 2023 at 02:21PM",Readings,humidity,89.0,2023-10-28T13:21:03.099Z
"October 28, 2023 at 02:21PM",Readings,temperature,28.8999996185302,2023-10-28T13:21:03.818Z
"October 28, 2023 at 02:22PM",Readings,humidity,90.0,2023-10-28T13:22:03.209Z
"October 28, 2023 at 02:22PM",Readings,temperature,28.8999996185302,2023-10-28T13:22:03.929Z
"October 28, 2023 at 02:23PM",Readings,humidity,91.0,2023-10-28T13:23:03.216Z
"October 28, 2023 at 02:23PM",Readings,temperature,28.5,2023-10-28T13:23:03.927Z
"October 28, 2023 at 02:24PM",Readings,humidity,91.0,2023-10-28T13:24:03.212Z
"October 28, 2023 at 02:24PM",Readings,temperature,28.8999996185302,2023-10-28T13:24:03.933Z
"October 28, 2023 at 02:25PM",Readings,temperature,28.8999996185302,2023-10-28T13:25:03.842Z
"October 28, 2023 at 02:25PM",Readings,humidity,91.0,2023-10-28T13:25:03.122Z
"October 28, 2023 at 02:26PM",Readings,humidity,91.0,2023-10-28T13:26:03.234Z
"October 28, 2023 at 02:26PM",Readings,temperature,28.5,2023-10-28T13:26:03.946Z
"October 28, 2023 at 02:27PM",Readings,humidity,91.0,2023-10-28T13:27:03.135Z
"October 28, 2023 at 02:27PM",Readings,temperature,28.5,2023-10-28T13:27:03.956Z
"October 28, 2023 at 02:28PM",Readings,humidity,91.0,2023-10-28T13:28:03.139Z
"October 28, 2023 at 02:28PM",Readings,temperature,28.5,2023-10-28T13:28:03.96Z
"October 28, 2023 at 02:29PM",Readings,humidity,91.0,2023-10-28T13:29:03.271Z
"October 28, 2023 at 02:29PM",Readings,temperature,28.0,2023-10-28T13:29:03.98Z
"October 28, 2023 at 02:30PM",Readings,humidity,91.0,2023-10-28T13:30:03.466Z
"October 28, 2023 at 02:30PM",Readings,temperature,28.0,2023-10-28T13:30:04.279Z
"October 28, 2023 at 02:31PM",Readings,temperature,28.0,2023-10-28T13:31:04.084Z
"October 28, 2023 at 02:31PM",Readings,humidity,91.0,2023-10-28T13:31:03.365Z
"October 28, 2023 at 02:32PM",Readings,humidity,92.0,2023-10-28T13:32:03.375Z
"October 28, 2023 at 02:32PM",Readings,temperature,28.0,2023-10-28T13:32:04.394Z
"October 28, 2023 at 02:33PM",Readings,humidity,93.0,2023-10-28T13:33:03.604Z
"October 28, 2023 at 02:33PM",Readings,temperature,27.6000003814697,2023-10-28T13:33:04.748Z
"October 28, 2023 at 02:34PM",Readings,humidity,93.0,2023-10-28T13:34:03.587Z
"October 28, 2023 at 02:34PM",Readings,temperature,27.6000003814697,2023-10-28T13:34:04.732Z
"October 28, 2023 at 02:35PM",Readings,humidity,93.0,2023-10-28T13:35:03.418Z
"October 28, 2023 at 02:35PM",Readings,temperature,27.6000003814697,2023-10-28T13:35:04.211Z
"October 28, 2023 at 02:36PM",Readings,humidity,92.0,2023-10-28T13:36:03.398Z
"October 28, 2023 at 02:36PM",Readings,temperature,28.0,2023-10-28T13:36:04.218Z
"October 28, 2023 at 02:37PM",Readings,humidity,92.0,2023-10-28T13:37:03.403Z
"October 28, 2023 at 02:37PM",Readings,temperature,28.0,2023-10-28T13:37:04.222Z
"October 28, 2023 at 02:38PM",Readings,humidity,92.0,2023-10-28T13:38:03.421Z
"October 28, 2023 at 02:38PM",Readings,temperature,28.0,2023-10-28T13:38:04.232Z
"October 28, 2023 at 02:39PM",Readings,humidity,92.0,2023-10-28T13:39:03.476Z
"October 28, 2023 at 02:39PM",Readings,temperature,28.0,2023-10-28T13:39:04.338Z
"October 28, 2023 at 02:40PM",Readings,humidity,91.0,2023-10-28T13:40:03.52Z
"October 28, 2023 at 02:40PM",Readings,temperature,28.0,2023-10-28T13:40:04.239Z
"October 28, 2023 at 02:41PM",Readings,humidity,92.0,2023-10-28T13:41:03.543Z
"October 28, 2023 at 02:41PM",Readings,temperature,27.6000003814697,2023-10-28T13:41:04.358Z
"October 28, 2023 at 02:42PM",Readings,humidity,92.0,2023-10-28T13:42:03.642Z
"October 28, 2023 at 02:42PM",Readings,temperature,27.1000003814697,2023-10-28T13:42:04.48Z
"October 28, 2023 at 02:43PM",Readings,humidity,92.0,2023-10-28T13:43:17.818Z
"October 28, 2023 at 02:43PM",Readings,temperature,27.1000003814697,2023-10-28T13:43:17.82Z
"October 28, 2023 at 02:44PM",Readings,humidity,93.0,2023-10-28T13:44:03.774Z
"October 28, 2023 at 02:44PM",Readings,temperature,27.1000003814697,2023-10-28T13:44:05.001Z
"October 28, 2023 at 02:45PM",Readings,humidity,93.0,2023-10-28T13:45:03.656Z
"October 28, 2023 at 02:45PM",Readings,temperature,27.1000003814697,2023-10-28T13:45:04.476Z
"October 28, 2023 at 02:46PM",Readings,humidity,93.0,2023-10-28T13:46:03.678Z
"October 28, 2023 at 02:46PM",Readings,temperature,27.1000003814697,2023-10-28T13:46:04.386Z
"October 28, 2023 at 02:47PM",Readings,humidity,93.0,2023-10-28T13:47:03.678Z
"October 28, 2023 at 02:47PM",Readings,temperature,27.1000003814697,2023-10-28T13:47:04.49Z
"October 28, 2023 at 02:48PM",Readings,humidity,93.0,2023-10-28T13:48:03.581Z
"October 28, 2023 at 02:48PM",Readings,temperature,27.6000003814697,2023-10-28T13:48:05.13Z
"October 28, 2023 at 02:49PM",Readings,humidity,93.0,2023-10-28T13:49:03.587Z
"October 28, 2023 at 02:49PM",Readings,temperature,27.6000003814697,2023-10-28T13:49:04.608Z
"October 28, 2023 at 02:50PM",Readings,humidity,93.0,2023-10-28T13:50:03.697Z
"October 28, 2023 at 02:50PM",Readings,temperature,27.1000003814697,2023-10-28T13:50:04.399Z
"October 28, 2023 at 02:51PM",Readings,humidity,93.0,2023-10-28T13:51:03.701Z
"October 28, 2023 at 02:51PM",Readings,temperature,27.1000003814697,2023-10-28T13:51:04.525Z
"October 28, 2023 at 02:52PM",Readings,humidity,93.0,2023-10-28T13:52:03.804Z
"October 28, 2023 at 02:52PM",Readings,temperature,27.6000003814697,2023-10-28T13:52:04.534Z
"October 28, 2023 at 02:53PM",Readings,humidity,93.0,2023-10-28T13:53:03.716Z
"October 28, 2023 at 02:53PM",Readings,temperature,27.6000003814697,2023-10-28T13:53:04.536Z
"October 28, 2023 at 02:54PM",Readings,humidity,93.0,2023-10-28T13:54:03.823Z
"October 28, 2023 at 02:54PM",Readings,temperature,27.2999992370605,2023-10-28T13:54:10.917Z
"October 28, 2023 at 02:55PM",Readings,humidity,93.0,2023-10-28T13:55:03.725Z
"October 28, 2023 at 02:55PM",Readings,temperature,27.1000003814697,2023-10-28T13:55:04.646Z
"October 28, 2023 at 02:56PM",Readings,humidity,93.0,2023-10-28T13:56:03.848Z
"October 28, 2023 at 02:56PM",Readings,temperature,27.1000003814697,2023-10-28T13:56:04.657Z
"October 28, 2023 at 02:57PM",Readings,humidity,93.0,2023-10-28T13:57:03.84Z
"October 28, 2023 at 02:57PM",Readings,temperature,26.7000007629394,2023-10-28T13:57:04.657Z
"October 28, 2023 at 02:58PM",Readings,humidity,93.0,2023-10-28T13:58:05.731Z
"October 28, 2023 at 02:58PM",Readings,temperature,26.7000007629394,2023-10-28T13:58:05.732Z
"October 28, 2023 at 02:59PM",Readings,humidity,93.0,2023-10-28T13:59:03.76Z
"October 28, 2023 at 02:59PM",Readings,temperature,27.1000003814697,2023-10-28T13:59:04.671Z
"October 28, 2023 at 03:00PM",Readings,humidity,93.0,2023-10-28T14:00:03.856Z
"October 28, 2023 at 03:00PM",Readings,temperature,27.2000007629394,2023-10-28T14:00:04.776Z
"October 28, 2023 at 03:01PM",Readings,humidity,93.0,2023-10-28T14:01:03.965Z
"October 28, 2023 at 03:01PM",Readings,temperature,27.6000003814697,2023-10-28T14:01:04.785Z
"October 28, 2023 at 03:02PM",Readings,temperature,27.6000003814697,2023-10-28T14:02:05.864Z
"October 28, 2023 at 03:03PM",Readings,humidity,93.0,2023-10-28T14:03:03.981Z
"October 28, 2023 at 03:03PM",Readings,temperature,27.6000003814697,2023-10-28T14:03:04.801Z
"October 28, 2023 at 03:04PM",Readings,humidity,93.0,2023-10-28T14:04:04.508Z
"October 28, 2023 at 03:04PM",Readings,temperature,27.6000003814697,2023-10-28T14:04:05.016Z
"October 28, 2023 at 03:05PM",Readings,humidity,93.0,2023-10-28T14:05:12.319Z
"October 28, 2023 at 03:05PM",Readings,temperature,27.6000003814697,2023-10-28T14:05:12.32Z
"October 28, 2023 at 03:06PM",Readings,humidity,93.0,2023-10-28T14:06:14.462Z
"October 28, 2023 at 03:06PM",Readings,temperature,27.6000003814697,2023-10-28T14:06:14.463Z
"October 28, 2023 at 03:07PM",Readings,humidity,93.0,2023-10-28T14:07:04.11Z
"October 28, 2023 at 03:07PM",Readings,temperature,27.6000003814697,2023-10-28T14:07:04.93Z
"October 28, 2023 at 03:08PM",Readings,humidity,92.0,2023-10-28T14:08:04.131Z
"October 28, 2023 at 03:08PM",Readings,temperature,28.0,2023-10-28T14:08:04.931Z
"October 28, 2023 at 03:09PM",Readings,humidity,93.0,2023-10-28T14:09:04.236Z
"October 28, 2023 at 03:09PM",Readings,temperature,27.6000003814697,2023-10-28T14:09:04.937Z
"October 28, 2023 at 03:10PM",Readings,humidity,92.0,2023-10-28T14:10:05.998Z
"October 28, 2023 at 03:10PM",Readings,temperature,27.6000003814697,2023-10-28T14:10:05.999Z
"October 28, 2023 at 03:11PM",Readings,humidity,93.0,2023-10-28T14:11:04.476Z
"October 28, 2023 at 03:11PM",Readings,temperature,27.6000003814697,2023-10-28T14:11:05.057Z
"October 28, 2023 at 03:12PM",Readings,humidity,91.0,2023-10-28T14:12:04.147Z
"October 28, 2023 at 03:12PM",Readings,temperature,28.0,2023-10-28T14:12:06.678Z
"October 28, 2023 at 03:13PM",Readings,humidity,91.0,2023-10-28T14:13:04.151Z
"October 28, 2023 at 03:13PM",Readings,temperature,28.0,2023-10-28T14:13:04.973Z
"October 28, 2023 at 03:14PM",Readings,humidity,90.0,2023-10-28T14:14:04.364Z
"October 28, 2023 at 03:14PM",Readings,humidity,90.0,2023-10-28T14:14:20.24Z
"October 28, 2023 at 03:14PM",Readings,temperature,28.0,2023-10-28T14:14:20.24Z
"October 28, 2023 at 03:15PM",Readings,humidity,90.0,2023-10-28T14:15:20.448Z
"October 28, 2023 at 03:15PM",Readings,temperature,28.1000003814697,2023-10-28T14:15:20.448Z
"October 28, 2023 at 03:16PM",Readings,humidity,89.0,2023-10-28T14:16:20.461Z
"October 28, 2023 at 03:16PM",Readings,temperature,28.5,2023-10-28T14:16:20.461Z
"October 28, 2023 at 03:17PM",Readings,humidity,89.0,2023-10-28T14:17:20.579Z
"October 28, 2023 at 03:17PM",Readings,temperature,28.8999996185302,2023-10-28T14:17:20.579Z
"October 28, 2023 at 03:18PM",Readings,humidity,88.0,2023-10-28T14:18:20.472Z
"October 28, 2023 at 03:18PM",Readings,temperature,28.8999996185302,2023-10-28T14:18:20.472Z
"October 28, 2023 at 03:19PM",Readings,humidity,88.0,2023-10-28T14:19:20.681Z
"October 28, 2023 at 03:19PM",Readings,temperature,28.8999996185302,2023-10-28T14:19:20.681Z
"October 28, 2023 at 03:20PM",Readings,humidity,88.0,2023-10-28T14:20:20.591Z
"October 28, 2023 at 03:20PM",Readings,temperature,28.8999996185302,2023-10-28T14:20:20.591Z
"October 28, 2023 at 03:21PM",Readings,humidity,88.0,2023-10-28T14:21:20.594Z
"October 28, 2023 at 03:21PM",Readings,temperature,28.8999996185302,2023-10-28T14:21:20.594Z
"October 28, 2023 at 03:22PM",Readings,humidity,88.0,2023-10-28T14:22:20.817Z
"October 28, 2023 at 03:22PM",Readings,temperature,28.8999996185302,2023-10-28T14:22:20.817Z
"October 28, 2023 at 03:23PM",Readings,humidity,88.0,2023-10-28T14:23:20.721Z
"October 28, 2023 at 03:23PM",Readings,temperature,28.8999996185302,2023-10-28T14:23:20.721Z
"October 28, 2023 at 03:24PM",Readings,humidity,87.0,2023-10-28T14:24:20.713Z
"October 28, 2023 at 03:24PM",Readings,temperature,28.8999996185302,2023-10-28T14:24:20.713Z
"October 28, 2023 at 03:25PM",Readings,humidity,87.0,2023-10-28T14:25:20.52Z
"October 28, 2023 at 03:25PM",Readings,temperature,28.8999996185302,2023-10-28T14:25:20.52Z
"October 28, 2023 at 03:26PM",Readings,humidity,87.0,2023-10-28T14:26:20.632Z
"October 28, 2023 at 03:26PM",Readings,temperature,28.8999996185302,2023-10-28T14:26:20.632Z
"October 28, 2023 at 03:27PM",Readings,humidity,87.0,2023-10-28T14:27:20.74Z
"October 28, 2023 at 03:27PM",Readings,temperature,29.2999992370605,2023-10-28T14:27:20.74Z
"October 28, 2023 at 03:28PM",Readings,humidity,85.0,2023-10-28T14:28:20.74Z
"October 28, 2023 at 03:28PM",Readings,temperature,29.2999992370605,2023-10-28T14:28:20.74Z
"October 28, 2023 at 03:29PM",Readings,humidity,85.0,2023-10-28T14:29:20.859Z
"October 28, 2023 at 03:29PM",Readings,temperature,29.2999992370605,2023-10-28T14:29:20.859Z
"October 28, 2023 at 03:30PM",Readings,humidity,86.0,2023-10-28T14:30:20.854Z
"October 28, 2023 at 03:30PM",Readings,temperature,29.2999992370605,2023-10-28T14:30:20.854Z
"October 28, 2023 at 03:31PM",Readings,humidity,86.0,2023-10-28T14:31:20.86Z
"October 28, 2023 at 03:31PM",Readings,temperature,29.2999992370605,2023-10-28T14:31:20.86Z
"October 28, 2023 at 03:32PM",Readings,humidity,86.0,2023-10-28T14:32:20.739Z
"October 28, 2023 at 03:32PM",Readings,temperature,29.7999992370605,2023-10-28T14:32:20.739Z
"October 28, 2023 at 03:33PM",Readings,humidity,85.0,2023-10-28T14:33:20.792Z
"October 28, 2023 at 03:33PM",Readings,temperature,29.7999992370605,2023-10-28T14:33:20.792Z
"October 28, 2023 at 03:34PM",Readings,humidity,85.0,2023-10-28T14:34:20.872Z
"October 28, 2023 at 03:34PM",Readings,temperature,29.7999992370605,2023-10-28T14:34:20.872Z
"October 28, 2023 at 03:35PM",Readings,humidity,85.0,2023-10-28T14:35:20.929Z
"October 28, 2023 at 03:35PM",Readings,temperature,29.7999992370605,2023-10-28T14:35:20.929Z
"October 28, 2023 at 03:36PM",Readings,humidity,86.0,2023-10-28T14:36:20.895Z
"October 28, 2023 at 03:36PM",Readings,temperature,29.7999992370605,2023-10-28T14:36:20.895Z
"October 28, 2023 at 03:37PM",Readings,humidity,85.0,2023-10-28T14:37:20.803Z
"October 28, 2023 at 03:37PM",Readings,temperature,29.2999992370605,2023-10-28T14:37:20.803Z
"October 28, 2023 at 03:38PM",Readings,temperature,29.2999992370605,2023-10-28T14:38:20.817Z
"October 28, 2023 at 03:38PM",Readings,humidity,85.0,2023-10-28T14:38:20.817Z
"October 28, 2023 at 03:39PM",Readings,humidity,86.0,2023-10-28T14:39:22.559Z
"October 28, 2023 at 03:39PM",Readings,temperature,29.2999992370605,2023-10-28T14:39:22.559Z
"October 28, 2023 at 03:40PM",Readings,humidity,87.0,2023-10-28T14:40:22.486Z
"October 28, 2023 at 03:40PM",Readings,temperature,29.2999992370605,2023-10-28T14:40:22.486Z
"October 28, 2023 at 03:41PM",Readings,humidity,87.0,2023-10-28T14:41:21.037Z
"October 28, 2023 at 03:41PM",Readings,temperature,29.2999992370605,2023-10-28T14:41:21.037Z
"October 28, 2023 at 03:42PM",Readings,humidity,87.0,2023-10-28T14:42:21.043Z
"October 28, 2023 at 03:42PM",Readings,temperature,29.2999992370605,2023-10-28T14:42:21.043Z
"October 28, 2023 at 03:43PM",Readings,humidity,86.0,2023-10-28T14:43:22.713Z
"October 28, 2023 at 03:43PM",Readings,temperature,29.7999992370605,2023-10-28T14:43:22.713Z
"October 28, 2023 at 03:44PM",Readings,humidity,85.0,2023-10-28T14:44:20.963Z
"October 28, 2023 at 03:44PM",Readings,temperature,29.7999992370605,2023-10-28T14:44:20.963Z
"October 28, 2023 at 03:45PM",Readings,humidity,85.0,2023-10-28T14:45:21.002Z
"October 28, 2023 at 03:45PM",Readings,temperature,29.7999992370605,2023-10-28T14:45:21.002Z
"October 28, 2023 at 03:46PM",Readings,temperature,30.2000007629394,2023-10-28T14:46:21.021Z
"October 28, 2023 at 03:46PM",Readings,humidity,83.0,2023-10-28T14:46:21.021Z
"October 28, 2023 at 03:47PM",Readings,humidity,83.0,2023-10-28T14:47:21.07Z
"October 28, 2023 at 03:47PM",Readings,temperature,30.2000007629394,2023-10-28T14:47:21.07Z
"October 28, 2023 at 03:48PM",Readings,humidity,83.0,2023-10-28T14:48:21.084Z
"October 28, 2023 at 03:48PM",Readings,temperature,30.2000007629394,2023-10-28T14:48:21.084Z
"October 28, 2023 at 03:49PM",Readings,humidity,84.0,2023-10-28T14:49:21.082Z
"October 28, 2023 at 03:49PM",Readings,temperature,29.2999992370605,2023-10-28T14:49:21.082Z
"October 28, 2023 at 03:50PM",Readings,humidity,85.0,2023-10-28T14:50:21.094Z
"October 28, 2023 at 03:50PM",Readings,temperature,29.2999992370605,2023-10-28T14:50:21.094Z
"October 28, 2023 at 03:51PM",Readings,humidity,86.0,2023-10-28T14:51:23.521Z
"October 28, 2023 at 03:51PM",Readings,temperature,29.2999992370605,2023-10-28T14:51:23.521Z
"October 28, 2023 at 03:52PM",Readings,humidity,86.0,2023-10-28T14:52:21.305Z
"October 28, 2023 at 03:52PM",Readings,temperature,29.2999992370605,2023-10-28T14:52:21.305Z
"October 28, 2023 at 03:53PM",Readings,humidity,86.0,2023-10-28T14:53:53.073Z
"October 28, 2023 at 03:53PM",Readings,temperature,28.8999996185302,2023-10-28T14:53:53.073Z
"October 28, 2023 at 03:54PM",Readings,humidity,87.0,2023-10-28T14:54:27.284Z
"October 28, 2023 at 03:54PM",Readings,temperature,28.8999996185302,2023-10-28T14:54:27.284Z
"October 28, 2023 at 03:55PM",Readings,humidity,87.0,2023-10-28T14:55:21.218Z
"October 28, 2023 at 03:55PM",Readings,temperature,28.8999996185302,2023-10-28T14:55:21.218Z
"October 28, 2023 at 03:56PM",Readings,humidity,87.0,2023-10-28T14:56:22.884Z
"October 28, 2023 at 03:56PM",Readings,temperature,28.8999996185302,2023-10-28T14:56:22.884Z
"October 28, 2023 at 03:57PM",Readings,humidity,87.0,2023-10-28T14:57:21.219Z
"October 28, 2023 at 03:57PM",Readings,temperature,28.8999996185302,2023-10-28T14:57:21.219Z
"October 28, 2023 at 03:58PM",Readings,humidity,88.0,2023-10-28T14:58:21.251Z
"October 28, 2023 at 03:58PM",Readings,temperature,28.8999996185302,2023-10-28T14:58:21.251Z
"October 28, 2023 at 03:59PM",Readings,humidity,88.0,2023-10-28T14:59:21.259Z
"October 28, 2023 at 03:59PM",Readings,temperature,28.8999996185302,2023-10-28T14:59:21.259Z
"October 28, 2023 at 04:00PM",Readings,humidity,88.0,2023-10-28T15:00:22.624Z
"October 28, 2023 at 04:00PM",Readings,temperature,28.8999996185302,2023-10-28T15:00:22.624Z
"October 28, 2023 at 04:01PM",Readings,humidity,88.0,2023-10-28T15:01:21.374Z
"October 28, 2023 at 04:01PM",Readings,temperature,28.8999996185302,2023-10-28T15:01:21.374Z
"October 28, 2023 at 04:02PM",Readings,temperature,28.8999996185302,2023-10-28T15:02:21.71Z
"October 28, 2023 at 04:02PM",Readings,humidity,88.0,2023-10-28T15:02:21.71Z
"October 28, 2023 at 04:03PM",Readings,humidity,88.0,2023-10-28T15:03:21.379Z
"October 28, 2023 at 04:03PM",Readings,temperature,28.8999996185302,2023-10-28T15:03:21.379Z
"October 28, 2023 at 04:04PM",Readings,humidity,88.0,2023-10-28T15:04:21.387Z
"October 28, 2023 at 04:04PM",Readings,temperature,29.2999992370605,2023-10-28T15:04:21.387Z
"October 28, 2023 at 04:05PM",Readings,humidity,88.0,2023-10-28T15:05:21.403Z
"October 28, 2023 at 04:05PM",Readings,temperature,29.2999992370605,2023-10-28T15:05:21.403Z
"October 28, 2023 at 04:06PM",Readings,humidity,88.0,2023-10-28T15:06:21.502Z
"October 28, 2023 at 04:06PM",Readings,temperature,29.2999992370605,2023-10-28T15:06:21.502Z
"October 28, 2023 at 04:07PM",Readings,humidity,88.0,2023-10-28T15:07:21.516Z
"October 28, 2023 at 04:07PM",Readings,temperature,29.2999992370605,2023-10-28T15:07:21.516Z
"October 28, 2023 at 04:08PM",Readings,humidity,88.0,2023-10-28T15:08:21.422Z
"October 28, 2023 at 04:08PM",Readings,temperature,29.0,2023-10-28T15:08:21.422Z
"October 28, 2023 at 04:09PM",Readings,humidity,88.0,2023-10-28T15:09:21.435Z
"October 28, 2023 at 04:09PM",Readings,temperature,29.2999992370605,2023-10-28T15:09:21.435Z
"October 28, 2023 at 04:10PM",Readings,humidity,88.0,2023-10-28T15:10:23.394Z
"October 28, 2023 at 04:10PM",Readings,temperature,28.8999996185302,2023-10-28T15:10:23.394Z
"October 28, 2023 at 04:11PM",Readings,humidity,88.0,2023-10-28T15:11:21.534Z
"October 28, 2023 at 04:11PM",Readings,temperature,28.8999996185302,2023-10-28T15:11:21.534Z
"October 28, 2023 at 04:12PM",Readings,humidity,88.0,2023-10-28T15:12:21.546Z
"October 28, 2023 at 04:12PM",Readings,temperature,29.2999992370605,2023-10-28T15:12:21.546Z
"October 28, 2023 at 04:13PM",Readings,humidity,88.0,2023-10-28T15:13:21.648Z
"October 28, 2023 at 04:13PM",Readings,temperature,29.2999992370605,2023-10-28T15:13:21.648Z
"October 28, 2023 at 04:14PM",Readings,humidity,88.0,2023-10-28T15:14:21.666Z
"October 28, 2023 at 04:14PM",Readings,temperature,29.2999992370605,2023-10-28T15:14:21.666Z
"October 28, 2023 at 04:15PM",Readings,humidity,88.0,2023-10-28T15:15:21.582Z
"October 28, 2023 at 04:15PM",Readings,temperature,28.8999996185302,2023-10-28T15:15:21.582Z
"October 28, 2023 at 04:16PM",Readings,humidity,88.0,2023-10-28T15:16:21.67Z
"October 28, 2023 at 04:16PM",Readings,temperature,28.8999996185302,2023-10-28T15:16:21.67Z
"October 28, 2023 at 04:17PM",Readings,humidity,87.0,2023-10-28T15:17:21.608Z
"October 28, 2023 at 04:17PM",Readings,temperature,28.8999996185302,2023-10-28T15:17:21.608Z
"October 28, 2023 at 04:18PM",Readings,humidity,87.0,2023-10-28T15:18:21.674Z
"October 28, 2023 at 04:18PM",Readings,temperature,28.8999996185302,2023-10-28T15:18:21.674Z
"October 28, 2023 at 04:19PM",Readings,temperature,28.8999996185302,2023-10-28T15:19:21.59Z
"October 28, 2023 at 04:19PM",Readings,humidity,88.0,2023-10-28T15:19:21.59Z
"October 28, 2023 at 04:20PM",Readings,humidity,87.0,2023-10-28T15:20:21.585Z
"October 28, 2023 at 04:20PM",Readings,temperature,28.8999996185302,2023-10-28T15:20:21.585Z
"October 28, 2023 at 04:21PM",Readings,humidity,87.0,2023-10-28T15:21:21.6Z
"October 28, 2023 at 04:21PM",Readings,temperature,28.8999996185302,2023-10-28T15:21:21.6Z
"October 28, 2023 at 04:22PM",Readings,humidity,86.0,2023-10-28T15:22:23.356Z
"October 28, 2023 at 04:22PM",Readings,temperature,28.8999996185302,2023-10-28T15:22:23.356Z
"October 28, 2023 at 04:23PM",Readings,humidity,85.0,2023-10-28T15:23:21.828Z
"October 28, 2023 at 04:23PM",Readings,temperature,29.2999992370605,2023-10-28T15:23:21.828Z
"October 28, 2023 at 04:24PM",Readings,humidity,85.0,2023-10-28T15:24:21.712Z
"October 28, 2023 at 04:24PM",Readings,temperature,29.2999992370605,2023-10-28T15:24:21.712Z
"October 28, 2023 at 04:25PM",Readings,humidity,85.0,2023-10-28T15:25:21.838Z
"October 28, 2023 at 04:25PM",Readings,temperature,29.2999992370605,2023-10-28T15:25:21.838Z
"October 28, 2023 at 04:26PM",Readings,humidity,85.0,2023-10-28T15:26:22.078Z
"October 28, 2023 at 04:26PM",Readings,temperature,29.2999992370605,2023-10-28T15:26:22.078Z
"October 28, 2023 at 04:27PM",Readings,humidity,84.0,2023-10-28T15:27:21.844Z
"October 28, 2023 at 04:27PM",Readings,temperature,28.8999996185302,2023-10-28T15:27:21.844Z
"October 28, 2023 at 04:28PM",Readings,humidity,84.0,2023-10-28T15:28:21.8Z
"October 28, 2023 at 04:28PM",Readings,temperature,28.8999996185302,2023-10-28T15:28:21.8Z
"October 28, 2023 at 04:29PM",Readings,humidity,84.0,2023-10-28T15:29:22.077Z
"October 28, 2023 at 04:29PM",Readings,temperature,29.2999992370605,2023-10-28T15:29:22.077Z
"October 28, 2023 at 04:30PM",Readings,humidity,84.0,2023-10-28T15:30:21.87Z
"October 28, 2023 at 04:30PM",Readings,temperature,29.2999992370605,2023-10-28T15:30:21.87Z
"October 28, 2023 at 04:31PM",Readings,humidity,83.0,2023-10-28T15:31:21.872Z
"October 28, 2023 at 04:31PM",Readings,temperature,28.8999996185302,2023-10-28T15:31:21.872Z
"October 28, 2023 at 04:32PM",Readings,temperature,28.8999996185302,2023-10-28T15:32:21.884Z
"October 28, 2023 at 04:32PM",Readings,humidity,84.0,2023-10-28T15:32:21.884Z
"October 28, 2023 at 04:33PM",Readings,humidity,84.0,2023-10-28T15:33:21.889Z
"October 28, 2023 at 04:33PM",Readings,temperature,29.0,2023-10-28T15:33:21.889Z
"October 28, 2023 at 04:34PM",Readings,humidity,84.0,2023-10-28T15:34:21.985Z
"October 28, 2023 at 04:34PM",Readings,temperature,29.1000003814697,2023-10-28T15:34:21.985Z
"October 28, 2023 at 04:35PM",Readings,humidity,83.0,2023-10-28T15:35:22.004Z
"October 28, 2023 at 04:35PM",Readings,temperature,28.8999996185302,2023-10-28T15:35:22.004Z
"October 28, 2023 at 04:36PM",Readings,humidity,83.0,2023-10-28T15:36:22.013Z
"October 28, 2023 at 04:36PM",Readings,temperature,28.8999996185302,2023-10-28T15:36:22.013Z
"October 28, 2023 at 04:37PM",Readings,humidity,84.0,2023-10-28T15:37:22.012Z
"October 28, 2023 at 04:37PM",Readings,temperature,28.8999996185302,2023-10-28T15:37:22.012Z
"October 28, 2023 at 04:38PM",Readings,temperature,28.8999996185302,2023-10-28T15:38:22.126Z
"October 28, 2023 at 04:38PM",Readings,humidity,84.0,2023-10-28T15:38:22.126Z
"October 28, 2023 at 04:39PM",Readings,temperature,28.8999996185302,2023-10-28T15:39:21.966Z
"October 28, 2023 at 04:39PM",Readings,humidity,84.0,2023-10-28T15:39:21.966Z
"October 28, 2023 at 04:40PM",Readings,humidity,84.0,2023-10-28T15:40:22.045Z
"October 28, 2023 at 04:40PM",Readings,temperature,28.8999996185302,2023-10-28T15:40:22.045Z
"October 28, 2023 at 04:41PM",Readings,humidity,84.0,2023-10-28T15:41:22.043Z
"October 28, 2023 at 04:41PM",Readings,temperature,28.8999996185302,2023-10-28T15:41:22.043Z
"October 28, 2023 at 04:42PM",Readings,humidity,84.0,2023-10-28T15:42:22.159Z
"October 28, 2023 at 04:42PM",Readings,temperature,29.2999992370605,2023-10-28T15:42:22.159Z
"October 28, 2023 at 04:43PM",Readings,humidity,82.0,2023-10-28T15:43:22.163Z
"October 28, 2023 at 04:43PM",Readings,temperature,28.8999996185302,2023-10-28T15:43:22.163Z
"October 28, 2023 at 04:44PM",Readings,humidity,82.0,2023-10-28T15:44:22.048Z
"October 28, 2023 at 04:44PM",Readings,temperature,28.5,2023-10-28T15:44:22.048Z
"October 28, 2023 at 04:45PM",Readings,humidity,83.0,2023-10-28T15:45:22.059Z
"October 28, 2023 at 04:45PM",Readings,temperature,28.5,2023-10-28T15:45:22.059Z
"October 28, 2023 at 04:46PM",Readings,humidity,84.0,2023-10-28T15:46:22.19Z
"October 28, 2023 at 04:46PM",Readings,temperature,28.5,2023-10-28T15:46:22.19Z
"October 28, 2023 at 04:47PM",Readings,humidity,84.0,2023-10-28T15:47:23.648Z
"October 28, 2023 at 04:47PM",Readings,temperature,28.5,2023-10-28T15:47:23.648Z
"October 28, 2023 at 04:48PM",Readings,temperature,28.8999996185302,2023-10-28T15:48:22.199Z
"October 28, 2023 at 04:48PM",Readings,humidity,84.0,2023-10-28T15:48:22.199Z
"October 28, 2023 at 04:49PM",Readings,humidity,83.0,2023-10-28T15:49:22.196Z
"October 28, 2023 at 04:49PM",Readings,temperature,28.8999996185302,2023-10-28T15:49:22.196Z
"October 28, 2023 at 04:50PM",Readings,humidity,83.0,2023-10-28T15:50:22.301Z
"October 28, 2023 at 04:50PM",Readings,temperature,28.5,2023-10-28T15:50:22.301Z
"October 28, 2023 at 04:51PM",Readings,temperature,28.5,2023-10-28T15:51:24.574Z
"October 28, 2023 at 04:51PM",Readings,humidity,84.0,2023-10-28T15:51:24.574Z
"October 28, 2023 at 04:52PM",Readings,humidity,84.0,2023-10-28T15:52:22.323Z
"October 28, 2023 at 04:52PM",Readings,temperature,28.5,2023-10-28T15:52:22.323Z
"October 28, 2023 at 04:53PM",Readings,humidity,84.0,2023-10-28T15:53:22.322Z
"October 28, 2023 at 04:53PM",Readings,temperature,28.5,2023-10-28T15:53:22.322Z
"October 28, 2023 at 04:54PM",Readings,humidity,84.0,2023-10-28T15:54:22.329Z
"October 28, 2023 at 04:54PM",Readings,temperature,28.5,2023-10-28T15:54:22.329Z
"October 28, 2023 at 04:55PM",Readings,humidity,84.0,2023-10-28T15:55:22.237Z
"October 28, 2023 at 04:55PM",Readings,temperature,28.5,2023-10-28T15:55:22.237Z
"October 28, 2023 at 04:56PM",Readings,humidity,84.0,2023-10-28T15:56:22.245Z
"October 28, 2023 at 04:56PM",Readings,temperature,28.8999996185302,2023-10-28T15:56:22.245Z
"October 28, 2023 at 04:57PM",Readings,humidity,84.0,2023-10-28T15:57:22.345Z
"October 28, 2023 at 04:57PM",Readings,temperature,28.8999996185302,2023-10-28T15:57:22.345Z
"October 28, 2023 at 04:58PM",Readings,humidity,84.0,2023-10-28T15:58:22.363Z
"October 28, 2023 at 04:58PM",Readings,temperature,28.5,2023-10-28T15:58:22.363Z
"October 28, 2023 at 04:59PM",Readings,humidity,84.0,2023-10-28T15:59:22.368Z
"October 28, 2023 at 04:59PM",Readings,temperature,28.8999996185302,2023-10-28T15:59:22.368Z
"October 28, 2023 at 05:00PM",Readings,humidity,84.0,2023-10-28T16:00:24.133Z
"October 28, 2023 at 05:00PM",Readings,temperature,28.8999996185302,2023-10-28T16:00:24.133Z
"October 28, 2023 at 05:01PM",Readings,humidity,84.0,2023-10-28T16:01:22.467Z
"October 28, 2023 at 05:01PM",Readings,temperature,28.5,2023-10-28T16:01:22.467Z
"October 28, 2023 at 05:02PM",Readings,temperature,28.5,2023-10-28T16:02:22.386Z
"October 28, 2023 at 05:02PM",Readings,humidity,84.0,2023-10-28T16:02:22.386Z
"October 28, 2023 at 05:03PM",Readings,humidity,85.0,2023-10-28T16:03:24.151Z
"October 28, 2023 at 05:03PM",Readings,temperature,28.5,2023-10-28T16:03:24.151Z
"October 28, 2023 at 05:04PM",Readings,humidity,85.0,2023-10-28T16:04:22.506Z
"October 28, 2023 at 05:04PM",Readings,temperature,28.5,2023-10-28T16:04:22.506Z
"October 28, 2023 at 05:05PM",Readings,humidity,85.0,2023-10-28T16:05:22.401Z
"October 28, 2023 at 05:05PM",Readings,temperature,28.5,2023-10-28T16:05:22.401Z
"October 28, 2023 at 05:06PM",Readings,humidity,85.0,2023-10-28T16:06:22.514Z
"October 28, 2023 at 05:06PM",Readings,temperature,28.5,2023-10-28T16:06:22.514Z
"October 28, 2023 at 05:07PM",Readings,humidity,85.0,2023-10-28T16:07:22.531Z
"October 28, 2023 at 05:07PM",Readings,temperature,28.0,2023-10-28T16:07:22.531Z
"October 28, 2023 at 05:08PM",Readings,humidity,85.0,2023-10-28T16:08:22.421Z
"October 28, 2023 at 05:08PM",Readings,temperature,28.5,2023-10-28T16:08:22.421Z
"October 28, 2023 at 05:09PM",Readings,humidity,85.0,2023-10-28T16:09:22.427Z
"October 28, 2023 at 05:09PM",Readings,temperature,28.1000003814697,2023-10-28T16:09:22.427Z
"October 28, 2023 at 05:10PM",Readings,temperature,28.5,2023-10-28T16:10:22.538Z
"October 28, 2023 at 05:10PM",Readings,humidity,85.0,2023-10-28T16:10:22.538Z
"October 28, 2023 at 05:11PM",Readings,humidity,85.0,2023-10-28T16:11:24.528Z
"October 28, 2023 at 05:11PM",Readings,temperature,28.5,2023-10-28T16:11:24.528Z
"October 28, 2023 at 05:12PM",Readings,humidity,84.0,2023-10-28T16:12:22.656Z
"October 28, 2023 at 05:12PM",Readings,temperature,28.8999996185302,2023-10-28T16:12:22.656Z
"October 28, 2023 at 05:13PM",Readings,humidity,81.0,2023-10-28T16:13:22.667Z
"October 28, 2023 at 05:13PM",Readings,temperature,29.7999992370605,2023-10-28T16:13:22.667Z
"October 28, 2023 at 05:14PM",Readings,humidity,79.0,2023-10-28T16:14:22.557Z
"October 28, 2023 at 05:14PM",Readings,temperature,30.7999992370605,2023-10-28T16:14:22.557Z
"October 28, 2023 at 05:15PM",Readings,humidity,75.0,2023-10-28T16:15:22.682Z
"October 28, 2023 at 05:15PM",Readings,temperature,30.7999992370605,2023-10-28T16:15:22.682Z
"October 28, 2023 at 05:16PM",Readings,humidity,75.0,2023-10-28T16:16:22.686Z
"October 28, 2023 at 05:16PM",Readings,temperature,30.7999992370605,2023-10-28T16:16:22.686Z
"October 28, 2023 at 05:17PM",Readings,humidity,75.0,2023-10-28T16:17:22.613Z
"October 28, 2023 at 05:17PM",Readings,temperature,31.2999992370605,2023-10-28T16:17:22.613Z
"October 28, 2023 at 05:18PM",Readings,temperature,31.7999992370605,2023-10-28T16:18:22.795Z
"October 28, 2023 at 05:18PM",Readings,humidity,73.0,2023-10-28T16:18:22.795Z
"October 28, 2023 at 05:19PM",Readings,humidity,72.0,2023-10-28T16:19:22.607Z
"October 28, 2023 at 05:19PM",Readings,temperature,31.7999992370605,2023-10-28T16:19:22.607Z
"October 28, 2023 at 05:20PM",Readings,humidity,71.0,2023-10-28T16:20:22.703Z
"October 28, 2023 at 05:20PM",Readings,temperature,32.2999992370605,2023-10-28T16:20:22.703Z
"October 28, 2023 at 05:21PM",Readings,humidity,71.0,2023-10-28T16:21:23.06Z
"October 28, 2023 at 05:21PM",Readings,temperature,31.7999992370605,2023-10-28T16:21:23.06Z
"October 28, 2023 at 05:22PM",Readings,humidity,71.0,2023-10-28T16:22:22.835Z
"October 28, 2023 at 05:22PM",Readings,temperature,31.7999992370605,2023-10-28T16:22:22.835Z
"October 28, 2023 at 05:23PM",Readings,humidity,71.0,2023-10-28T16:23:22.824Z
"October 28, 2023 at 05:23PM",Readings,temperature,32.7999992370605,2023-10-28T16:23:22.824Z
"October 28, 2023 at 05:24PM",Readings,humidity,68.0,2023-10-28T16:24:22.833Z
"October 28, 2023 at 05:24PM",Readings,temperature,34.2000007629394,2023-10-28T16:24:22.833Z
"October 28, 2023 at 05:25PM",Readings,humidity,67.0,2023-10-28T16:25:22.87Z
"October 28, 2023 at 05:25PM",Readings,temperature,33.7999992370605,2023-10-28T16:25:22.87Z
"October 28, 2023 at 05:26PM",Readings,humidity,68.0,2023-10-28T16:26:25.102Z
"October 28, 2023 at 05:26PM",Readings,temperature,33.2999992370605,2023-10-28T16:26:25.102Z
"October 28, 2023 at 05:27PM",Readings,humidity,70.0,2023-10-28T16:27:22.958Z
"October 28, 2023 at 05:27PM",Readings,temperature,32.7999992370605,2023-10-28T16:27:22.958Z
"October 28, 2023 at 05:28PM",Readings,humidity,71.0,2023-10-28T16:28:23.197Z
"October 28, 2023 at 05:28PM",Readings,temperature,31.7999992370605,2023-10-28T16:28:23.197Z
"October 28, 2023 at 05:29PM",Readings,humidity,73.0,2023-10-28T16:29:22.932Z
"October 28, 2023 at 05:29PM",Readings,temperature,31.2999992370605,2023-10-28T16:29:22.932Z
"October 28, 2023 at 05:30PM",Readings,humidity,75.0,2023-10-28T16:30:22.977Z
"October 28, 2023 at 05:30PM",Readings,temperature,31.2999992370605,2023-10-28T16:30:22.977Z
"October 28, 2023 at 05:31PM",Readings,humidity,75.0,2023-10-28T16:31:25.201Z
"October 28, 2023 at 05:31PM",Readings,humidity,75.0,2023-10-28T16:31:25.733Z
"October 28, 2023 at 05:31PM",Readings,temperature,31.2999992370605,2023-10-28T16:31:25.733Z
"October 28, 2023 at 05:31PM",Readings,temperature,31.2999992370605,2023-10-28T16:31:25.201Z
"October 28, 2023 at 05:32PM",Readings,humidity,76.0,2023-10-28T16:32:25.84Z
"October 28, 2023 at 05:32PM",Readings,temperature,30.2000007629394,2023-10-28T16:32:25.84Z
"October 28, 2023 at 05:33PM",Readings,humidity,77.0,2023-10-28T16:33:25.945Z
"October 28, 2023 at 05:33PM",Readings,temperature,30.2000007629394,2023-10-28T16:33:25.945Z
"October 28, 2023 at 05:34PM",Readings,temperature,29.7999992370605,2023-10-28T16:34:25.981Z
"October 28, 2023 at 05:34PM",Readings,humidity,78.0,2023-10-28T16:34:25.981Z
"October 28, 2023 at 05:35PM",Readings,humidity,79.0,2023-10-28T16:35:25.913Z
"October 28, 2023 at 05:35PM",Readings,temperature,29.7999992370605,2023-10-28T16:35:25.913Z
"October 28, 2023 at 05:36PM",Readings,humidity,80.0,2023-10-28T16:36:25.982Z
"October 28, 2023 at 05:36PM",Readings,temperature,29.7999992370605,2023-10-28T16:36:25.982Z
"October 28, 2023 at 05:37PM",Readings,humidity,79.0,2023-10-28T16:37:25.991Z
"October 28, 2023 at 05:37PM",Readings,temperature,30.2000007629394,2023-10-28T16:37:25.991Z
"October 28, 2023 at 05:38PM",Readings,humidity,76.0,2023-10-28T16:38:26.088Z
"October 28, 2023 at 05:38PM",Readings,temperature,31.7999992370605,2023-10-28T16:38:26.088Z
"October 28, 2023 at 05:39PM",Readings,humidity,74.0,2023-10-28T16:39:26.101Z
"October 28, 2023 at 05:39PM",Readings,temperature,32.2999992370605,2023-10-28T16:39:26.101Z
"October 28, 2023 at 05:40PM",Readings,humidity,71.0,2023-10-28T16:40:26.023Z
"October 28, 2023 at 05:40PM",Readings,temperature,32.7999992370605,2023-10-28T16:40:26.023Z
"October 28, 2023 at 05:41PM",Readings,temperature,32.7999992370605,2023-10-28T16:41:26.022Z
"October 28, 2023 at 05:41PM",Readings,humidity,71.0,2023-10-28T16:41:26.022Z
"October 28, 2023 at 05:42PM",Readings,humidity,71.0,2023-10-28T16:42:26.019Z
"October 28, 2023 at 05:42PM",Readings,temperature,32.2999992370605,2023-10-28T16:42:26.019Z
"October 28, 2023 at 05:43PM",Readings,humidity,71.0,2023-10-28T16:43:26.476Z
"October 28, 2023 at 05:43PM",Readings,temperature,32.7999992370605,2023-10-28T16:43:26.476Z
"October 28, 2023 at 05:44PM",Readings,humidity,71.0,2023-10-28T16:44:26.033Z
"October 28, 2023 at 05:44PM",Readings,temperature,32.7999992370605,2023-10-28T16:44:26.033Z
"October 28, 2023 at 05:45PM",Readings,humidity,71.0,2023-10-28T16:45:26.781Z
"October 28, 2023 at 05:45PM",Readings,temperature,32.7000007629394,2023-10-28T16:45:26.781Z
"October 28, 2023 at 05:46PM",Readings,humidity,71.0,2023-10-28T16:46:26.159Z
"October 28, 2023 at 05:46PM",Readings,temperature,32.7999992370605,2023-10-28T16:46:26.159Z
"October 28, 2023 at 05:47PM",Readings,humidity,71.0,2023-10-28T16:47:26.603Z
"October 28, 2023 at 05:47PM",Readings,temperature,32.2999992370605,2023-10-28T16:47:26.603Z
"October 28, 2023 at 05:48PM",Readings,humidity,74.0,2023-10-28T16:48:26.269Z
"October 28, 2023 at 05:48PM",Readings,temperature,31.7999992370605,2023-10-28T16:48:26.269Z
"October 28, 2023 at 05:49PM",Readings,humidity,75.0,2023-10-28T16:49:26.275Z
"October 28, 2023 at 05:49PM",Readings,temperature,31.7999992370605,2023-10-28T16:49:26.275Z
"October 28, 2023 at 05:50PM",Readings,temperature,31.2999992370605,2023-10-28T16:50:26.291Z
"October 28, 2023 at 05:50PM",Readings,humidity,76.0,2023-10-28T16:50:26.291Z
"October 28, 2023 at 05:51PM",Readings,humidity,77.0,2023-10-28T16:51:26.203Z
"October 28, 2023 at 05:51PM",Readings,temperature,30.7999992370605,2023-10-28T16:51:26.203Z
"October 28, 2023 at 05:52PM",Readings,humidity,80.0,2023-10-28T16:52:26.302Z
"October 28, 2023 at 05:52PM",Readings,temperature,29.7999992370605,2023-10-28T16:52:26.302Z
"October 28, 2023 at 05:53PM",Readings,humidity,82.0,2023-10-28T16:53:26.194Z
"October 28, 2023 at 05:53PM",Readings,temperature,29.7999992370605,2023-10-28T16:53:26.194Z
"October 28, 2023 at 05:54PM",Readings,humidity,83.0,2023-10-28T16:54:26.201Z
"October 28, 2023 at 05:54PM",Readings,temperature,29.2999992370605,2023-10-28T16:54:26.201Z
"October 28, 2023 at 05:55PM",Readings,humidity,84.0,2023-10-28T16:55:26.215Z
"October 28, 2023 at 05:55PM",Readings,temperature,29.2999992370605,2023-10-28T16:55:26.215Z
"October 28, 2023 at 05:56PM",Readings,humidity,85.0,2023-10-28T16:56:26.225Z
"October 28, 2023 at 05:56PM",Readings,temperature,28.8999996185302,2023-10-28T16:56:26.225Z
"October 28, 2023 at 05:57PM",Readings,humidity,86.0,2023-10-28T16:57:26.437Z
"October 28, 2023 at 05:57PM",Readings,temperature,28.8999996185302,2023-10-28T16:57:26.437Z
"October 28, 2023 at 05:58PM",Readings,humidity,87.0,2023-10-28T16:58:26.44Z
"October 28, 2023 at 05:58PM",Readings,temperature,28.8999996185302,2023-10-28T16:58:26.44Z
"October 28, 2023 at 05:59PM",Readings,humidity,87.0,2023-10-28T16:59:26.44Z
"October 28, 2023 at 05:59PM",Readings,temperature,28.8999996185302,2023-10-28T16:59:26.44Z
"October 28, 2023 at 06:00PM",Readings,humidity,88.0,2023-10-28T17:00:26.373Z
"October 28, 2023 at 06:00PM",Readings,temperature,28.5,2023-10-28T17:00:26.373Z
"October 28, 2023 at 06:01PM",Readings,humidity,88.0,2023-10-28T17:01:26.476Z
"October 28, 2023 at 06:01PM",Readings,temperature,28.5,2023-10-28T17:01:26.476Z
"October 28, 2023 at 06:02PM",Readings,humidity,88.0,2023-10-28T17:02:26.414Z
"October 28, 2023 at 06:02PM",Readings,temperature,28.8999996185302,2023-10-28T17:02:26.414Z
"October 28, 2023 at 06:03PM",Readings,humidity,88.0,2023-10-28T17:03:26.384Z
"October 28, 2023 at 06:03PM",Readings,temperature,28.8999996185302,2023-10-28T17:03:26.384Z
"October 28, 2023 at 06:04PM",Readings,humidity,88.0,2023-10-28T17:04:26.427Z
"October 28, 2023 at 06:04PM",Readings,temperature,28.8999996185302,2023-10-28T17:04:26.427Z
"October 28, 2023 at 06:05PM",Readings,humidity,88.0,2023-10-28T17:05:26.376Z
"October 28, 2023 at 06:05PM",Readings,temperature,28.8999996185302,2023-10-28T17:05:26.376Z
"October 28, 2023 at 06:06PM",Readings,humidity,88.0,2023-10-28T17:06:26.381Z
"October 28, 2023 at 06:06PM",Readings,temperature,28.5,2023-10-28T17:06:26.381Z
"October 28, 2023 at 06:07PM",Readings,humidity,88.0,2023-10-28T17:07:26.391Z
"October 28, 2023 at 06:07PM",Readings,temperature,28.5,2023-10-28T17:07:26.391Z
"October 28, 2023 at 06:08PM",Readings,humidity,88.0,2023-10-28T17:08:26.507Z
"October 28, 2023 at 06:08PM",Readings,temperature,28.5,2023-10-28T17:08:26.507Z
"October 28, 2023 at 06:09PM",Readings,humidity,88.0,2023-10-28T17:09:26.507Z
"October 28, 2023 at 06:09PM",Readings,temperature,28.5,2023-10-28T17:09:26.507Z
"October 28, 2023 at 06:10PM",Readings,humidity,88.0,2023-10-28T17:10:26.624Z
"October 28, 2023 at 06:10PM",Readings,temperature,28.5,2023-10-28T17:10:26.624Z
"October 28, 2023 at 06:11PM",Readings,humidity,89.0,2023-10-28T17:11:26.616Z
"October 28, 2023 at 06:11PM",Readings,temperature,28.3999996185302,2023-10-28T17:11:26.616Z
"October 28, 2023 at 06:12PM",Readings,humidity,89.0,2023-10-28T17:12:26.632Z
"October 28, 2023 at 06:12PM",Readings,temperature,28.0,2023-10-28T17:12:26.632Z
"October 28, 2023 at 06:13PM",Readings,humidity,89.0,2023-10-28T17:13:26.608Z
"October 28, 2023 at 06:13PM",Readings,temperature,28.5,2023-10-28T17:13:26.608Z
"October 28, 2023 at 06:14PM",Readings,temperature,28.5,2023-10-28T17:14:28.869Z
"October 28, 2023 at 06:14PM",Readings,humidity,89.0,2023-10-28T17:14:28.869Z
"October 28, 2023 at 06:15PM",Readings,humidity,89.0,2023-10-28T17:15:26.754Z
"October 28, 2023 at 06:15PM",Readings,temperature,28.5,2023-10-28T17:15:26.754Z
"October 28, 2023 at 06:16PM",Readings,humidity,88.0,2023-10-28T17:16:26.774Z
"October 28, 2023 at 06:16PM",Readings,temperature,28.5,2023-10-28T17:16:26.774Z
"October 28, 2023 at 06:17PM",Readings,humidity,88.0,2023-10-28T17:17:26.669Z
"October 28, 2023 at 06:17PM",Readings,temperature,28.5,2023-10-28T17:17:26.669Z
"October 28, 2023 at 06:18PM",Readings,humidity,88.0,2023-10-28T17:18:26.672Z
"October 28, 2023 at 06:18PM",Readings,temperature,28.5,2023-10-28T17:18:26.672Z
"October 28, 2023 at 06:19PM",Readings,humidity,88.0,2023-10-28T17:19:26.69Z
"October 28, 2023 at 06:19PM",Readings,temperature,28.8999996185302,2023-10-28T17:19:26.69Z
"October 28, 2023 at 06:20PM",Readings,humidity,88.0,2023-10-28T17:20:26.749Z
"October 28, 2023 at 06:20PM",Readings,temperature,28.8999996185302,2023-10-28T17:20:26.749Z
"October 28, 2023 at 06:21PM",Readings,humidity,88.0,2023-10-28T17:21:26.799Z
"October 28, 2023 at 06:21PM",Readings,temperature,28.5,2023-10-28T17:21:26.799Z
"October 28, 2023 at 06:22PM",Readings,humidity,88.0,2023-10-28T17:22:26.906Z
"October 28, 2023 at 06:22PM",Readings,temperature,28.5,2023-10-28T17:22:26.906Z
"October 28, 2023 at 06:23PM",Readings,humidity,88.0,2023-10-28T17:23:26.903Z
"October 28, 2023 at 06:23PM",Readings,temperature,28.5,2023-10-28T17:23:26.903Z
"October 28, 2023 at 06:24PM",Readings,humidity,88.0,2023-10-28T17:24:27.024Z
"October 28, 2023 at 06:24PM",Readings,temperature,28.5,2023-10-28T17:24:27.024Z
"October 28, 2023 at 06:25PM",Readings,humidity,89.0,2023-10-28T17:25:26.921Z
"October 28, 2023 at 06:25PM",Readings,temperature,28.0,2023-10-28T17:25:26.921Z
"October 28, 2023 at 06:26PM",Readings,temperature,28.5,2023-10-28T17:26:26.923Z
"October 28, 2023 at 06:26PM",Readings,humidity,89.0,2023-10-28T17:26:26.923Z
"October 28, 2023 at 06:27PM",Readings,humidity,89.0,2023-10-28T17:27:27.033Z
"October 28, 2023 at 06:27PM",Readings,temperature,28.0,2023-10-28T17:27:27.033Z
"October 28, 2023 at 06:28PM",Readings,humidity,89.0,2023-10-28T17:28:27.04Z
"October 28, 2023 at 06:28PM",Readings,temperature,28.0,2023-10-28T17:28:27.04Z
"October 28, 2023 at 06:29PM",Readings,humidity,89.0,2023-10-28T17:29:27.061Z
"October 28, 2023 at 06:29PM",Readings,temperature,28.0,2023-10-28T17:29:27.061Z
"October 28, 2023 at 06:30PM",Readings,humidity,89.0,2023-10-28T17:30:27.052Z
"October 28, 2023 at 06:30PM",Readings,temperature,28.0,2023-10-28T17:30:27.052Z
"October 28, 2023 at 06:31PM",Readings,humidity,91.0,2023-10-28T17:31:26.957Z
"October 28, 2023 at 06:31PM",Readings,temperature,27.6000003814697,2023-10-28T17:31:26.957Z
"October 28, 2023 at 06:32PM",Readings,humidity,91.0,2023-10-28T17:32:26.98Z
"October 28, 2023 at 06:32PM",Readings,temperature,27.7000007629394,2023-10-28T17:32:26.98Z
"October 28, 2023 at 06:33PM",Readings,humidity,91.0,2023-10-28T17:33:26.993Z
"October 28, 2023 at 06:33PM",Readings,temperature,27.6000003814697,2023-10-28T17:33:26.993Z
"October 28, 2023 at 06:34PM",Readings,humidity,91.0,2023-10-28T17:34:27.092Z
"October 28, 2023 at 06:34PM",Readings,temperature,27.6000003814697,2023-10-28T17:34:27.092Z
"October 28, 2023 at 06:35PM",Readings,humidity,90.0,2023-10-28T17:35:27.096Z
"October 28, 2023 at 06:35PM",Readings,temperature,28.0,2023-10-28T17:35:27.096Z
"October 28, 2023 at 06:36PM",Readings,humidity,90.0,2023-10-28T17:36:27.046Z
"October 28, 2023 at 06:36PM",Readings,temperature,28.0,2023-10-28T17:36:27.046Z
"October 28, 2023 at 06:37PM",Readings,humidity,90.0,2023-10-28T17:37:27.101Z
"October 28, 2023 at 06:37PM",Readings,temperature,28.0,2023-10-28T17:37:27.101Z
"October 28, 2023 at 06:38PM",Readings,humidity,89.0,2023-10-28T17:38:27.121Z
"October 28, 2023 at 06:38PM",Readings,temperature,28.0,2023-10-28T17:38:27.121Z
"October 28, 2023 at 06:39PM",Readings,humidity,89.0,2023-10-28T17:39:27.218Z
"October 28, 2023 at 06:39PM",Readings,temperature,28.0,2023-10-28T17:39:27.218Z
"October 28, 2023 at 06:40PM",Readings,humidity,89.0,2023-10-28T17:40:27.213Z
"October 28, 2023 at 06:40PM",Readings,temperature,28.0,2023-10-28T17:40:27.213Z
"October 28, 2023 at 06:41PM",Readings,humidity,91.0,2023-10-28T17:41:27.229Z
"October 28, 2023 at 06:41PM",Readings,temperature,27.6000003814697,2023-10-28T17:41:27.229Z
"October 28, 2023 at 06:42PM",Readings,humidity,92.0,2023-10-28T17:42:27.973Z
"October 28, 2023 at 06:42PM",Readings,temperature,27.6000003814697,2023-10-28T17:42:27.973Z
"October 29, 2023 at 06:30AM",Readings,humidity,97.0,2023-10-29T05:30:09.854Z
"October 29, 2023 at 06:30AM",Readings,temperature,24.1000003814697,2023-10-29T05:30:09.854Z
"October 29, 2023 at 06:31AM",Readings,humidity,97.0,2023-10-29T05:31:17.154Z
"October 29, 2023 at 06:31AM",Readings,temperature,24.1000003814697,2023-10-29T05:31:17.154Z
"October 29, 2023 at 06:32AM",Readings,humidity,97.0,2023-10-29T05:32:10.044Z
"October 29, 2023 at 06:32AM",Readings,temperature,24.1000003814697,2023-10-29T05:32:10.044Z
"October 29, 2023 at 06:33AM",Readings,humidity,97.0,2023-10-29T05:33:10.074Z
"October 29, 2023 at 06:33AM",Readings,temperature,24.1000003814697,2023-10-29T05:33:10.074Z
"October 29, 2023 at 06:34AM",Readings,humidity,97.0,2023-10-29T05:34:10.063Z
"October 29, 2023 at 06:34AM",Readings,temperature,24.1000003814697,2023-10-29T05:34:10.063Z
"October 29, 2023 at 06:35AM",Readings,humidity,97.0,2023-10-29T05:35:10.066Z
"October 29, 2023 at 06:35AM",Readings,temperature,24.1000003814697,2023-10-29T05:35:10.066Z
"October 29, 2023 at 06:36AM",Readings,humidity,97.0,2023-10-29T05:36:10.086Z
"October 29, 2023 at 06:36AM",Readings,temperature,24.1000003814697,2023-10-29T05:36:10.086Z
"October 29, 2023 at 06:37AM",Readings,humidity,97.0,2023-10-29T05:37:10.076Z
"October 29, 2023 at 06:37AM",Readings,temperature,24.1000003814697,2023-10-29T05:37:10.076Z
"October 29, 2023 at 06:38AM",Readings,humidity,97.0,2023-10-29T05:38:10.086Z
"October 29, 2023 at 06:38AM",Readings,temperature,24.1000003814697,2023-10-29T05:38:10.086Z
"October 29, 2023 at 06:39AM",Readings,humidity,97.0,2023-10-29T05:39:10.107Z
"October 29, 2023 at 06:39AM",Readings,temperature,24.1000003814697,2023-10-29T05:39:10.107Z
"October 29, 2023 at 06:40AM",Readings,humidity,97.0,2023-10-29T05:40:10.1Z
"October 29, 2023 at 06:40AM",Readings,temperature,24.1000003814697,2023-10-29T05:40:10.1Z
"October 29, 2023 at 06:41AM",Readings,humidity,97.0,2023-10-29T05:41:10.219Z
"October 29, 2023 at 06:41AM",Readings,temperature,24.1000003814697,2023-10-29T05:41:10.219Z
"October 29, 2023 at 06:42AM",Readings,temperature,24.1000003814697,2023-10-29T05:42:10.226Z
"October 29, 2023 at 06:42AM",Readings,humidity,97.0,2023-10-29T05:42:10.226Z
"October 29, 2023 at 06:43AM",Readings,humidity,97.0,2023-10-29T05:43:10.217Z
"October 29, 2023 at 06:43AM",Readings,temperature,24.1000003814697,2023-10-29T05:43:10.217Z
"October 29, 2023 at 06:44AM",Readings,humidity,97.0,2023-10-29T05:44:10.239Z
"October 29, 2023 at 06:44AM",Readings,temperature,24.1000003814697,2023-10-29T05:44:10.239Z
"October 29, 2023 at 06:45AM",Readings,humidity,97.0,2023-10-29T05:45:10.343Z
"October 29, 2023 at 06:45AM",Readings,temperature,24.1000003814697,2023-10-29T05:45:10.343Z
"October 29, 2023 at 06:46AM",Readings,humidity,97.0,2023-10-29T05:46:10.25Z
"October 29, 2023 at 06:46AM",Readings,temperature,24.1000003814697,2023-10-29T05:46:10.25Z
"October 29, 2023 at 06:47AM",Readings,humidity,97.0,2023-10-29T05:47:10.259Z
"October 29, 2023 at 06:47AM",Readings,temperature,24.1000003814697,2023-10-29T05:47:10.259Z
"October 29, 2023 at 06:48AM",Readings,humidity,97.0,2023-10-29T05:48:10.36Z
"October 29, 2023 at 06:48AM",Readings,temperature,24.1000003814697,2023-10-29T05:48:10.36Z
"October 29, 2023 at 06:49AM",Readings,humidity,97.0,2023-10-29T05:49:10.361Z
"October 29, 2023 at 06:49AM",Readings,temperature,24.1000003814697,2023-10-29T05:49:10.361Z
"October 29, 2023 at 06:50AM",Readings,humidity,97.0,2023-10-29T05:50:10.379Z
"October 29, 2023 at 06:50AM",Readings,temperature,24.1000003814697,2023-10-29T05:50:10.379Z
"October 29, 2023 at 06:51AM",Readings,humidity,97.0,2023-10-29T05:51:10.396Z
"October 29, 2023 at 06:51AM",Readings,temperature,24.1000003814697,2023-10-29T05:51:10.396Z
"October 29, 2023 at 06:52AM",Readings,humidity,97.0,2023-10-29T05:52:10.333Z
"October 29, 2023 at 06:52AM",Readings,temperature,24.1000003814697,2023-10-29T05:52:10.333Z
"October 29, 2023 at 06:53AM",Readings,temperature,24.1000003814697,2023-10-29T05:53:10.393Z
"October 29, 2023 at 06:53AM",Readings,humidity,97.0,2023-10-29T05:53:10.393Z
"October 29, 2023 at 06:54AM",Readings,humidity,97.0,2023-10-29T05:54:10.368Z
"October 29, 2023 at 06:54AM",Readings,temperature,24.1000003814697,2023-10-29T05:54:10.368Z
"October 29, 2023 at 06:55AM",Readings,humidity,97.0,2023-10-29T05:55:10.509Z
"October 29, 2023 at 06:55AM",Readings,temperature,24.1000003814697,2023-10-29T05:55:10.509Z
"October 29, 2023 at 06:56AM",Readings,humidity,97.0,2023-10-29T05:56:10.516Z
"October 29, 2023 at 06:56AM",Readings,temperature,24.1000003814697,2023-10-29T05:56:10.516Z
"October 29, 2023 at 06:57AM",Readings,humidity,97.0,2023-10-29T05:57:10.527Z
"October 29, 2023 at 06:57AM",Readings,temperature,24.1000003814697,2023-10-29T05:57:10.527Z
"October 29, 2023 at 06:58AM",Readings,humidity,97.0,2023-10-29T05:58:10.535Z
"October 29, 2023 at 06:58AM",Readings,temperature,24.1000003814697,2023-10-29T05:58:10.535Z
"October 29, 2023 at 06:59AM",Readings,humidity,97.0,2023-10-29T05:59:10.531Z
"October 29, 2023 at 06:59AM",Readings,temperature,24.1000003814697,2023-10-29T05:59:10.531Z
"October 29, 2023 at 07:00AM",Readings,humidity,97.0,2023-10-29T06:00:10.556Z
"October 29, 2023 at 07:00AM",Readings,temperature,24.1000003814697,2023-10-29T06:00:10.556Z
"October 29, 2023 at 07:01AM",Readings,humidity,97.0,2023-10-29T06:01:10.55Z
"October 29, 2023 at 07:01AM",Readings,temperature,24.1000003814697,2023-10-29T06:01:10.55Z
"October 29, 2023 at 07:02AM",Readings,humidity,97.0,2023-10-29T06:02:10.549Z
"October 29, 2023 at 07:02AM",Readings,temperature,24.1000003814697,2023-10-29T06:02:10.549Z
"October 29, 2023 at 07:03AM",Readings,humidity,97.0,2023-10-29T06:03:10.566Z
"October 29, 2023 at 07:03AM",Readings,temperature,24.1000003814697,2023-10-29T06:03:10.566Z
"October 29, 2023 at 07:04AM",Readings,humidity,97.0,2023-10-29T06:04:10.542Z
"October 29, 2023 at 07:04AM",Readings,temperature,24.1000003814697,2023-10-29T06:04:10.542Z
"October 29, 2023 at 07:05AM",Readings,humidity,97.0,2023-10-29T06:05:10.577Z
"October 29, 2023 at 07:05AM",Readings,temperature,24.1000003814697,2023-10-29T06:05:10.577Z
"October 29, 2023 at 07:06AM",Readings,humidity,97.0,2023-10-29T06:06:10.7Z
"October 29, 2023 at 07:06AM",Readings,temperature,24.1000003814697,2023-10-29T06:06:10.7Z
"October 29, 2023 at 07:07AM",Readings,humidity,97.0,2023-10-29T06:07:10.583Z
"October 29, 2023 at 07:07AM",Readings,temperature,24.1000003814697,2023-10-29T06:07:10.583Z
"October 29, 2023 at 07:08AM",Readings,humidity,97.0,2023-10-29T06:08:10.588Z
"October 29, 2023 at 07:08AM",Readings,temperature,24.1000003814697,2023-10-29T06:08:10.588Z
"October 29, 2023 at 07:09AM",Readings,humidity,97.0,2023-10-29T06:09:11.451Z
"October 29, 2023 at 07:09AM",Readings,temperature,24.1000003814697,2023-10-29T06:09:11.451Z
"October 29, 2023 at 07:10AM",Readings,humidity,97.0,2023-10-29T06:10:10.643Z
"October 29, 2023 at 07:10AM",Readings,temperature,24.1000003814697,2023-10-29T06:10:10.643Z
"October 29, 2023 at 07:11AM",Readings,humidity,97.0,2023-10-29T06:11:12.017Z
"October 29, 2023 at 07:11AM",Readings,temperature,24.1000003814697,2023-10-29T06:11:12.017Z
"October 29, 2023 at 07:12AM",Readings,humidity,97.0,2023-10-29T06:12:10.718Z
"October 29, 2023 at 07:12AM",Readings,temperature,24.1000003814697,2023-10-29T06:12:10.718Z
"October 29, 2023 at 07:13AM",Readings,humidity,97.0,2023-10-29T06:13:10.781Z
"October 29, 2023 at 07:13AM",Readings,temperature,24.1000003814697,2023-10-29T06:13:10.781Z
"October 29, 2023 at 07:14AM",Readings,humidity,97.0,2023-10-29T06:14:23.778Z
"October 29, 2023 at 07:14AM",Readings,temperature,24.1000003814697,2023-10-29T06:14:23.778Z
"October 29, 2023 at 07:15AM",Readings,humidity,97.0,2023-10-29T06:15:12.21Z
"October 29, 2023 at 07:15AM",Readings,temperature,24.1000003814697,2023-10-29T06:15:12.21Z
"October 29, 2023 at 07:19AM",Readings,humidity,97.0,2023-10-29T06:19:15.872Z
"October 29, 2023 at 07:19AM",Readings,temperature,24.1000003814697,2023-10-29T06:19:16.364Z
"October 29, 2023 at 07:19AM",Readings,temperature,24.1000003814697,2023-10-29T06:19:15.872Z
"October 29, 2023 at 07:19AM",Readings,humidity,97.0,2023-10-29T06:19:16.364Z
"October 29, 2023 at 07:20AM",Readings,humidity,97.0,2023-10-29T06:20:16.516Z
"October 29, 2023 at 07:20AM",Readings,temperature,24.1000003814697,2023-10-29T06:20:16.516Z
"October 29, 2023 at 07:21AM",Readings,humidity,97.0,2023-10-29T06:21:18.807Z
"October 29, 2023 at 07:21AM",Readings,temperature,24.2000007629394,2023-10-29T06:21:18.807Z
"October 29, 2023 at 07:22AM",Readings,humidity,97.0,2023-10-29T06:22:16.539Z
"October 29, 2023 at 07:22AM",Readings,temperature,24.5,2023-10-29T06:22:16.539Z
"October 29, 2023 at 07:23AM",Readings,humidity,97.0,2023-10-29T06:23:16.533Z
"October 29, 2023 at 07:23AM",Readings,temperature,24.5,2023-10-29T06:23:16.533Z
"October 29, 2023 at 07:24AM",Readings,humidity,97.0,2023-10-29T06:24:16.551Z
"October 29, 2023 at 07:24AM",Readings,temperature,24.5,2023-10-29T06:24:16.551Z
"October 29, 2023 at 07:25AM",Readings,humidity,97.0,2023-10-29T06:25:16.562Z
"October 29, 2023 at 07:25AM",Readings,temperature,24.5,2023-10-29T06:25:16.562Z
"October 29, 2023 at 07:26AM",Readings,humidity,97.0,2023-10-29T06:26:16.668Z
"October 29, 2023 at 07:26AM",Readings,temperature,24.5,2023-10-29T06:26:16.668Z
"October 29, 2023 at 07:27AM",Readings,humidity,97.0,2023-10-29T06:27:16.679Z
"October 29, 2023 at 07:27AM",Readings,temperature,24.5,2023-10-29T06:27:16.679Z
"October 29, 2023 at 07:28AM",Readings,humidity,97.0,2023-10-29T06:28:16.678Z
"October 29, 2023 at 07:28AM",Readings,temperature,24.5,2023-10-29T06:28:16.678Z
"October 29, 2023 at 07:29AM",Readings,humidity,97.0,2023-10-29T06:29:16.773Z
"October 29, 2023 at 07:29AM",Readings,temperature,24.5,2023-10-29T06:29:16.773Z
"October 29, 2023 at 07:30AM",Readings,humidity,97.0,2023-10-29T06:30:16.788Z
"October 29, 2023 at 07:30AM",Readings,temperature,24.5,2023-10-29T06:30:16.788Z
"October 29, 2023 at 07:31AM",Readings,humidity,97.0,2023-10-29T06:31:16.694Z
"October 29, 2023 at 07:31AM",Readings,temperature,24.5,2023-10-29T06:31:16.694Z
"October 29, 2023 at 07:32AM",Readings,humidity,97.0,2023-10-29T06:32:16.798Z
"October 29, 2023 at 07:32AM",Readings,temperature,24.5,2023-10-29T06:32:16.798Z
"October 29, 2023 at 07:33AM",Readings,humidity,97.0,2023-10-29T06:33:16.801Z
"October 29, 2023 at 07:33AM",Readings,temperature,24.5,2023-10-29T06:33:16.801Z
"October 29, 2023 at 07:34AM",Readings,humidity,97.0,2023-10-29T06:34:16.819Z
"October 29, 2023 at 07:34AM",Readings,temperature,24.5,2023-10-29T06:34:16.819Z
"October 29, 2023 at 07:35AM",Readings,humidity,97.0,2023-10-29T06:35:16.818Z
"October 29, 2023 at 07:35AM",Readings,temperature,24.5,2023-10-29T06:35:16.818Z
"October 29, 2023 at 07:36AM",Readings,humidity,97.0,2023-10-29T06:36:16.833Z
"October 29, 2023 at 07:36AM",Readings,temperature,24.5,2023-10-29T06:36:16.833Z
"October 29, 2023 at 07:37AM",Readings,humidity,97.0,2023-10-29T06:37:16.849Z
"October 29, 2023 at 07:37AM",Readings,temperature,24.5,2023-10-29T06:37:16.849Z
"October 29, 2023 at 07:38AM",Readings,humidity,97.0,2023-10-29T06:38:16.838Z
"October 29, 2023 at 07:38AM",Readings,temperature,24.5,2023-10-29T06:38:16.838Z
"October 29, 2023 at 07:39AM",Readings,humidity,97.0,2023-10-29T06:39:16.847Z
"October 29, 2023 at 07:39AM",Readings,temperature,24.5,2023-10-29T06:39:16.847Z
"October 29, 2023 at 07:40AM",Readings,humidity,97.0,2023-10-29T06:40:16.866Z
"October 29, 2023 at 07:40AM",Readings,temperature,24.5,2023-10-29T06:40:16.866Z
"October 29, 2023 at 07:41AM",Readings,humidity,97.0,2023-10-29T06:41:16.861Z
"October 29, 2023 at 07:41AM",Readings,temperature,24.5,2023-10-29T06:41:16.861Z
"October 29, 2023 at 07:42AM",Readings,humidity,97.0,2023-10-29T06:42:16.971Z
"October 29, 2023 at 07:42AM",Readings,temperature,24.5,2023-10-29T06:42:16.971Z
"October 29, 2023 at 07:43AM",Readings,humidity,97.0,2023-10-29T06:43:16.983Z
"October 29, 2023 at 07:43AM",Readings,temperature,24.7999992370605,2023-10-29T06:43:16.983Z
"October 29, 2023 at 07:44AM",Readings,humidity,97.0,2023-10-29T06:44:16.983Z
"October 29, 2023 at 07:44AM",Readings,temperature,24.7999992370605,2023-10-29T06:44:16.983Z
"October 29, 2023 at 07:45AM",Readings,humidity,97.0,2023-10-29T06:45:16.995Z
"October 29, 2023 at 07:45AM",Readings,temperature,24.7999992370605,2023-10-29T06:45:16.995Z
"October 29, 2023 at 07:46AM",Readings,humidity,97.0,2023-10-29T06:46:17.105Z
"October 29, 2023 at 07:46AM",Readings,temperature,24.7999992370605,2023-10-29T06:46:17.105Z
"October 29, 2023 at 07:47AM",Readings,humidity,97.0,2023-10-29T06:47:17.109Z
"October 29, 2023 at 07:47AM",Readings,temperature,24.7999992370605,2023-10-29T06:47:17.109Z
"October 29, 2023 at 07:48AM",Readings,humidity,96.0,2023-10-29T06:48:17.104Z
"October 29, 2023 at 07:48AM",Readings,temperature,24.7999992370605,2023-10-29T06:48:17.104Z
"October 29, 2023 at 07:49AM",Readings,humidity,96.0,2023-10-29T06:49:17.122Z
"October 29, 2023 at 07:49AM",Readings,temperature,24.7999992370605,2023-10-29T06:49:17.122Z
"October 29, 2023 at 07:50AM",Readings,humidity,96.0,2023-10-29T06:50:17.024Z
"October 29, 2023 at 07:50AM",Readings,temperature,24.7999992370605,2023-10-29T06:50:17.024Z
"October 29, 2023 at 07:51AM",Readings,humidity,97.0,2023-10-29T06:51:19.859Z
"October 29, 2023 at 07:51AM",Readings,temperature,24.7999992370605,2023-10-29T06:51:19.859Z
"October 29, 2023 at 07:52AM",Readings,humidity,97.0,2023-10-29T06:52:17.15Z
"October 29, 2023 at 07:52AM",Readings,temperature,24.7999992370605,2023-10-29T06:52:17.15Z
"October 29, 2023 at 07:53AM",Readings,humidity,96.0,2023-10-29T06:53:17.244Z
"October 29, 2023 at 07:53AM",Readings,temperature,24.7999992370605,2023-10-29T06:53:17.244Z
"October 29, 2023 at 07:54AM",Readings,humidity,96.0,2023-10-29T06:54:17.143Z
"October 29, 2023 at 07:54AM",Readings,temperature,24.7999992370605,2023-10-29T06:54:17.143Z
"October 29, 2023 at 07:55AM",Readings,humidity,96.0,2023-10-29T06:55:17.165Z
"October 29, 2023 at 07:55AM",Readings,temperature,24.7999992370605,2023-10-29T06:55:17.165Z
"October 29, 2023 at 07:56AM",Readings,humidity,96.0,2023-10-29T06:56:17.157Z
"October 29, 2023 at 07:56AM",Readings,temperature,24.7999992370605,2023-10-29T06:56:17.157Z
"October 29, 2023 at 07:57AM",Readings,humidity,96.0,2023-10-29T06:57:17.148Z
"October 29, 2023 at 07:57AM",Readings,temperature,24.7999992370605,2023-10-29T06:57:17.148Z
"October 29, 2023 at 07:58AM",Readings,humidity,96.0,2023-10-29T06:58:17.279Z
"October 29, 2023 at 07:58AM",Readings,temperature,24.7999992370605,2023-10-29T06:58:17.279Z
"October 29, 2023 at 07:59AM",Readings,humidity,96.0,2023-10-29T06:59:17.278Z
"October 29, 2023 at 07:59AM",Readings,temperature,24.7999992370605,2023-10-29T06:59:17.278Z
"October 29, 2023 at 08:00AM",Readings,humidity,96.0,2023-10-29T07:00:17.247Z
"October 29, 2023 at 08:00AM",Readings,temperature,24.7999992370605,2023-10-29T07:00:17.247Z
"October 29, 2023 at 08:01AM",Readings,humidity,96.0,2023-10-29T07:01:17.298Z
"October 29, 2023 at 08:01AM",Readings,temperature,24.7999992370605,2023-10-29T07:01:17.298Z
"October 29, 2023 at 08:02AM",Readings,humidity,96.0,2023-10-29T07:02:17.414Z
"October 29, 2023 at 08:02AM",Readings,temperature,24.7999992370605,2023-10-29T07:02:17.414Z
"October 29, 2023 at 08:03AM",Readings,humidity,96.0,2023-10-29T07:03:17.308Z
"October 29, 2023 at 08:03AM",Readings,temperature,24.7999992370605,2023-10-29T07:03:17.308Z
"October 29, 2023 at 08:04AM",Readings,humidity,96.0,2023-10-29T07:04:17.426Z
"October 29, 2023 at 08:04AM",Readings,temperature,24.7999992370605,2023-10-29T07:04:17.426Z
"October 29, 2023 at 08:05AM",Readings,humidity,96.0,2023-10-29T07:05:17.424Z
"October 29, 2023 at 08:05AM",Readings,temperature,24.7999992370605,2023-10-29T07:05:17.424Z
"October 29, 2023 at 08:06AM",Readings,humidity,96.0,2023-10-29T07:06:17.431Z
"October 29, 2023 at 08:06AM",Readings,temperature,24.7999992370605,2023-10-29T07:06:17.431Z
"October 29, 2023 at 08:07AM",Readings,humidity,96.0,2023-10-29T07:07:17.442Z
"October 29, 2023 at 08:07AM",Readings,temperature,24.7999992370605,2023-10-29T07:07:17.442Z
"October 29, 2023 at 08:08AM",Readings,humidity,96.0,2023-10-29T07:08:17.448Z
"October 29, 2023 at 08:08AM",Readings,temperature,24.7999992370605,2023-10-29T07:08:17.448Z
"October 29, 2023 at 08:09AM",Readings,humidity,96.0,2023-10-29T07:09:17.445Z
"October 29, 2023 at 08:09AM",Readings,temperature,24.7999992370605,2023-10-29T07:09:17.445Z
"October 29, 2023 at 08:10AM",Readings,temperature,24.7999992370605,2023-10-29T07:10:17.463Z
"October 29, 2023 at 08:10AM",Readings,humidity,96.0,2023-10-29T07:10:17.463Z
"October 29, 2023 at 08:11AM",Readings,humidity,96.0,2023-10-29T07:11:17.56Z
"October 29, 2023 at 08:11AM",Readings,temperature,24.7999992370605,2023-10-29T07:11:17.56Z
"October 29, 2023 at 08:12AM",Readings,humidity,97.0,2023-10-29T07:12:17.465Z
"October 29, 2023 at 08:12AM",Readings,temperature,24.7999992370605,2023-10-29T07:12:17.465Z
"October 29, 2023 at 08:13AM",Readings,humidity,96.0,2023-10-29T07:13:17.488Z
"October 29, 2023 at 08:13AM",Readings,temperature,24.7999992370605,2023-10-29T07:13:17.488Z
"October 29, 2023 at 08:14AM",Readings,humidity,96.0,2023-10-29T07:14:17.591Z
"October 29, 2023 at 08:14AM",Readings,temperature,24.7999992370605,2023-10-29T07:14:17.591Z
"October 29, 2023 at 08:15AM",Readings,humidity,96.0,2023-10-29T07:15:17.596Z
"October 29, 2023 at 08:15AM",Readings,temperature,24.7999992370605,2023-10-29T07:15:17.596Z
"October 29, 2023 at 08:16AM",Readings,humidity,96.0,2023-10-29T07:16:17.607Z
"October 29, 2023 at 08:16AM",Readings,temperature,24.7999992370605,2023-10-29T07:16:17.607Z
"October 29, 2023 at 08:17AM",Readings,humidity,96.0,2023-10-29T07:17:17.606Z
"October 29, 2023 at 08:17AM",Readings,temperature,24.7999992370605,2023-10-29T07:17:17.606Z
"October 29, 2023 at 08:18AM",Readings,humidity,96.0,2023-10-29T07:18:17.616Z
"October 29, 2023 at 08:18AM",Readings,temperature,24.7999992370605,2023-10-29T07:18:17.616Z
"October 29, 2023 at 08:19AM",Readings,humidity,96.0,2023-10-29T07:19:17.63Z
"October 29, 2023 at 08:19AM",Readings,temperature,24.7999992370605,2023-10-29T07:19:17.63Z
"October 29, 2023 at 08:20AM",Readings,humidity,96.0,2023-10-29T07:20:17.624Z
"October 29, 2023 at 08:20AM",Readings,temperature,24.7999992370605,2023-10-29T07:20:17.624Z
"October 29, 2023 at 08:21AM",Readings,humidity,96.0,2023-10-29T07:21:17.563Z
"October 29, 2023 at 08:21AM",Readings,temperature,24.7999992370605,2023-10-29T07:21:17.563Z
"October 29, 2023 at 08:22AM",Readings,humidity,96.0,2023-10-29T07:22:17.651Z
"October 29, 2023 at 08:22AM",Readings,temperature,24.7999992370605,2023-10-29T07:22:17.651Z
"October 29, 2023 at 08:23AM",Readings,humidity,96.0,2023-10-29T07:23:17.643Z
"October 29, 2023 at 08:23AM",Readings,temperature,25.2999992370605,2023-10-29T07:23:17.643Z
"October 29, 2023 at 08:24AM",Readings,humidity,96.0,2023-10-29T07:24:17.664Z
"October 29, 2023 at 08:24AM",Readings,temperature,25.2999992370605,2023-10-29T07:24:17.664Z
"October 29, 2023 at 08:25AM",Readings,humidity,96.0,2023-10-29T07:25:17.568Z
"October 29, 2023 at 08:25AM",Readings,temperature,25.2999992370605,2023-10-29T07:25:17.568Z
"October 29, 2023 at 08:26AM",Readings,humidity,96.0,2023-10-29T07:26:17.662Z
"October 29, 2023 at 08:26AM",Readings,temperature,25.2999992370605,2023-10-29T07:26:17.662Z
"October 29, 2023 at 08:27AM",Readings,humidity,96.0,2023-10-29T07:27:17.67Z
"October 29, 2023 at 08:27AM",Readings,temperature,25.2999992370605,2023-10-29T07:27:17.67Z
"October 29, 2023 at 08:28AM",Readings,humidity,96.0,2023-10-29T07:28:17.691Z
"October 29, 2023 at 08:28AM",Readings,temperature,25.2999992370605,2023-10-29T07:28:17.691Z
"October 29, 2023 at 08:29AM",Readings,humidity,96.0,2023-10-29T07:29:17.693Z
"October 29, 2023 at 08:29AM",Readings,temperature,25.2999992370605,2023-10-29T07:29:17.693Z
"October 29, 2023 at 08:30AM",Readings,humidity,96.0,2023-10-29T07:30:17.701Z
"October 29, 2023 at 08:30AM",Readings,temperature,25.2999992370605,2023-10-29T07:30:17.701Z
"October 29, 2023 at 08:31AM",Readings,humidity,96.0,2023-10-29T07:31:17.729Z
"October 29, 2023 at 08:31AM",Readings,temperature,25.2999992370605,2023-10-29T07:31:17.729Z
"October 29, 2023 at 08:32AM",Readings,humidity,96.0,2023-10-29T07:32:17.808Z
"October 29, 2023 at 08:32AM",Readings,temperature,25.2999992370605,2023-10-29T07:32:17.808Z
"October 29, 2023 at 08:33AM",Readings,humidity,96.0,2023-10-29T07:33:17.816Z
"October 29, 2023 at 08:33AM",Readings,temperature,25.2999992370605,2023-10-29T07:33:17.816Z
"October 29, 2023 at 08:34AM",Readings,humidity,96.0,2023-10-29T07:34:18.052Z
"October 29, 2023 at 08:34AM",Readings,temperature,25.2999992370605,2023-10-29T07:34:18.052Z
"October 29, 2023 at 08:35AM",Readings,humidity,96.0,2023-10-29T07:35:17.824Z
"October 29, 2023 at 08:35AM",Readings,temperature,25.2999992370605,2023-10-29T07:35:17.824Z
"October 29, 2023 at 08:36AM",Readings,humidity,96.0,2023-10-29T07:36:17.831Z
"October 29, 2023 at 08:36AM",Readings,temperature,25.2999992370605,2023-10-29T07:36:17.831Z
"October 29, 2023 at 08:37AM",Readings,humidity,96.0,2023-10-29T07:37:17.838Z
"October 29, 2023 at 08:37AM",Readings,temperature,25.2999992370605,2023-10-29T07:37:17.838Z
"October 29, 2023 at 08:38AM",Readings,humidity,96.0,2023-10-29T07:38:17.857Z
"October 29, 2023 at 08:38AM",Readings,temperature,25.2999992370605,2023-10-29T07:38:17.857Z
"October 29, 2023 at 08:39AM",Readings,humidity,96.0,2023-10-29T07:39:17.857Z
"October 29, 2023 at 08:39AM",Readings,temperature,25.2999992370605,2023-10-29T07:39:17.857Z
"October 29, 2023 at 08:40AM",Readings,humidity,96.0,2023-10-29T07:40:17.805Z
"October 29, 2023 at 08:40AM",Readings,temperature,25.2999992370605,2023-10-29T07:40:17.805Z
"October 29, 2023 at 08:41AM",Readings,humidity,96.0,2023-10-29T07:41:17.887Z
"October 29, 2023 at 08:41AM",Readings,temperature,25.2999992370605,2023-10-29T07:41:17.887Z
"October 29, 2023 at 08:42AM",Readings,humidity,96.0,2023-10-29T07:42:17.972Z
"October 29, 2023 at 08:42AM",Readings,temperature,25.2999992370605,2023-10-29T07:42:17.972Z
"October 29, 2023 at 08:43AM",Readings,humidity,96.0,2023-10-29T07:43:17.882Z
"October 29, 2023 at 08:43AM",Readings,temperature,25.2999992370605,2023-10-29T07:43:17.882Z
"October 29, 2023 at 08:44AM",Readings,humidity,96.0,2023-10-29T07:44:18.008Z
"October 29, 2023 at 08:44AM",Readings,temperature,25.2999992370605,2023-10-29T07:44:18.008Z
"October 29, 2023 at 08:44AM",Readings,humidity,96.0,2023-10-29T07:44:34.783Z
"October 29, 2023 at 08:44AM",Readings,temperature,25.2999992370605,2023-10-29T07:44:34.783Z
"October 29, 2023 at 08:45AM",Readings,humidity,96.0,2023-10-29T07:45:34.89Z
"October 29, 2023 at 08:45AM",Readings,temperature,25.7999992370605,2023-10-29T07:45:34.89Z
"October 29, 2023 at 08:46AM",Readings,humidity,96.0,2023-10-29T07:46:35.007Z
"October 29, 2023 at 08:46AM",Readings,temperature,25.7999992370605,2023-10-29T07:46:35.007Z
"October 29, 2023 at 08:47AM",Readings,humidity,96.0,2023-10-29T07:47:34.923Z
"October 29, 2023 at 08:47AM",Readings,temperature,25.7999992370605,2023-10-29T07:47:34.923Z
"October 29, 2023 at 08:48AM",Readings,humidity,96.0,2023-10-29T07:48:34.922Z
"October 29, 2023 at 08:48AM",Readings,temperature,25.7999992370605,2023-10-29T07:48:34.922Z
"October 29, 2023 at 08:49AM",Readings,humidity,96.0,2023-10-29T07:49:34.923Z
"October 29, 2023 at 08:49AM",Readings,temperature,25.7999992370605,2023-10-29T07:49:34.923Z
"October 29, 2023 at 08:50AM",Readings,humidity,96.0,2023-10-29T07:50:34.899Z
"October 29, 2023 at 08:50AM",Readings,temperature,25.7999992370605,2023-10-29T07:50:34.899Z
"October 29, 2023 at 08:51AM",Readings,humidity,96.0,2023-10-29T07:51:35.027Z
"October 29, 2023 at 08:51AM",Readings,temperature,25.7999992370605,2023-10-29T07:51:35.027Z
"October 29, 2023 at 08:52AM",Readings,humidity,96.0,2023-10-29T07:52:37.226Z
"October 29, 2023 at 08:52AM",Readings,temperature,25.7999992370605,2023-10-29T07:52:37.226Z
"October 29, 2023 at 08:53AM",Readings,humidity,96.0,2023-10-29T07:53:35.164Z
"October 29, 2023 at 08:53AM",Readings,temperature,25.7999992370605,2023-10-29T07:53:35.164Z
"October 29, 2023 at 08:54AM",Readings,humidity,96.0,2023-10-29T07:54:35.057Z
"October 29, 2023 at 08:54AM",Readings,temperature,25.7999992370605,2023-10-29T07:54:35.057Z
"October 29, 2023 at 08:55AM",Readings,humidity,96.0,2023-10-29T07:55:35.058Z
"October 29, 2023 at 08:55AM",Readings,temperature,25.7999992370605,2023-10-29T07:55:35.058Z
"October 29, 2023 at 08:56AM",Readings,humidity,96.0,2023-10-29T07:56:35.08Z
"October 29, 2023 at 08:56AM",Readings,temperature,25.7999992370605,2023-10-29T07:56:35.08Z
"October 29, 2023 at 08:57AM",Readings,humidity,96.0,2023-10-29T07:57:35.179Z
"October 29, 2023 at 08:57AM",Readings,temperature,25.7999992370605,2023-10-29T07:57:35.179Z
"October 29, 2023 at 08:58AM",Readings,humidity,96.0,2023-10-29T07:58:35.198Z
"October 29, 2023 at 08:58AM",Readings,temperature,25.7999992370605,2023-10-29T07:58:35.198Z
"October 29, 2023 at 08:59AM",Readings,humidity,96.0,2023-10-29T07:59:35.195Z
"October 29, 2023 at 08:59AM",Readings,temperature,25.7999992370605,2023-10-29T07:59:35.195Z
"October 29, 2023 at 09:00AM",Readings,humidity,96.0,2023-10-29T08:00:35.201Z
"October 29, 2023 at 09:00AM",Readings,temperature,25.7999992370605,2023-10-29T08:00:35.201Z
"October 29, 2023 at 09:01AM",Readings,humidity,96.0,2023-10-29T08:01:35.208Z
"October 29, 2023 at 09:01AM",Readings,temperature,25.7999992370605,2023-10-29T08:01:35.208Z
"October 29, 2023 at 09:02AM",Readings,temperature,25.7999992370605,2023-10-29T08:02:33.003Z
"October 29, 2023 at 09:02AM",Readings,humidity,97.0,2023-10-29T08:02:33.003Z
"October 29, 2023 at 09:03AM",Readings,humidity,96.0,2023-10-29T08:03:33.175Z
"October 29, 2023 at 09:03AM",Readings,temperature,25.7999992370605,2023-10-29T08:03:33.175Z
"October 29, 2023 at 09:04AM",Readings,humidity,96.0,2023-10-29T08:04:33.275Z
"October 29, 2023 at 09:04AM",Readings,temperature,25.7999992370605,2023-10-29T08:04:33.275Z
"October 29, 2023 at 09:05AM",Readings,humidity,96.0,2023-10-29T08:05:33.13Z
"October 29, 2023 at 09:05AM",Readings,temperature,25.7999992370605,2023-10-29T08:05:33.13Z
"October 29, 2023 at 09:06AM",Readings,humidity,96.0,2023-10-29T08:06:33.185Z
"October 29, 2023 at 09:06AM",Readings,temperature,25.7999992370605,2023-10-29T08:06:33.185Z
"October 29, 2023 at 09:07AM",Readings,humidity,96.0,2023-10-29T08:07:33.295Z
"October 29, 2023 at 09:07AM",Readings,temperature,25.7999992370605,2023-10-29T08:07:33.295Z
"October 29, 2023 at 09:08AM",Readings,humidity,96.0,2023-10-29T08:08:33.313Z
"October 29, 2023 at 09:08AM",Readings,temperature,26.2000007629394,2023-10-29T08:08:33.313Z
"October 29, 2023 at 09:09AM",Readings,humidity,96.0,2023-10-29T08:09:33.306Z
"October 29, 2023 at 09:09AM",Readings,temperature,26.2000007629394,2023-10-29T08:09:33.306Z
"October 29, 2023 at 09:10AM",Readings,humidity,96.0,2023-10-29T08:10:33.316Z
"October 29, 2023 at 09:10AM",Readings,temperature,26.2000007629394,2023-10-29T08:10:33.316Z
"October 29, 2023 at 09:11AM",Readings,humidity,96.0,2023-10-29T08:11:33.333Z
"October 29, 2023 at 09:11AM",Readings,temperature,26.2000007629394,2023-10-29T08:11:33.333Z
"October 29, 2023 at 09:12AM",Readings,humidity,96.0,2023-10-29T08:12:33.326Z
"October 29, 2023 at 09:12AM",Readings,temperature,26.2000007629394,2023-10-29T08:12:33.326Z
"October 29, 2023 at 09:13AM",Readings,humidity,96.0,2023-10-29T08:13:33.328Z
"October 29, 2023 at 09:13AM",Readings,temperature,26.2000007629394,2023-10-29T08:13:33.328Z
"October 29, 2023 at 09:14AM",Readings,humidity,96.0,2023-10-29T08:14:34.004Z
"October 29, 2023 at 09:14AM",Readings,temperature,26.2000007629394,2023-10-29T08:14:34.004Z
"October 29, 2023 at 09:15AM",Readings,humidity,96.0,2023-10-29T08:15:33.318Z
"October 29, 2023 at 09:15AM",Readings,temperature,26.2000007629394,2023-10-29T08:15:33.318Z
"October 29, 2023 at 09:16AM",Readings,humidity,96.0,2023-10-29T08:16:33.372Z
"October 29, 2023 at 09:16AM",Readings,temperature,26.2000007629394,2023-10-29T08:16:33.372Z
"October 29, 2023 at 09:17AM",Readings,humidity,96.0,2023-10-29T08:17:33.551Z
"October 29, 2023 at 09:17AM",Readings,temperature,26.2000007629394,2023-10-29T08:17:33.551Z
"October 29, 2023 at 09:18AM",Readings,humidity,96.0,2023-10-29T08:18:33.581Z
"October 29, 2023 at 09:18AM",Readings,temperature,26.2000007629394,2023-10-29T08:18:33.581Z
"October 29, 2023 at 09:19AM",Readings,humidity,96.0,2023-10-29T08:19:33.396Z
"October 29, 2023 at 09:19AM",Readings,temperature,26.2000007629394,2023-10-29T08:19:33.396Z
"October 29, 2023 at 09:20AM",Readings,humidity,96.0,2023-10-29T08:20:33.432Z
"October 29, 2023 at 09:20AM",Readings,temperature,26.2000007629394,2023-10-29T08:20:33.432Z
"October 29, 2023 at 09:21AM",Readings,humidity,96.0,2023-10-29T08:21:34.546Z
"October 29, 2023 at 09:21AM",Readings,temperature,26.2999992370605,2023-10-29T08:21:34.546Z
"October 29, 2023 at 09:22AM",Readings,humidity,96.0,2023-10-29T08:22:34.151Z
"October 29, 2023 at 09:22AM",Readings,temperature,26.2000007629394,2023-10-29T08:22:34.151Z
"October 29, 2023 at 09:23AM",Readings,humidity,96.0,2023-10-29T08:23:34.374Z
"October 29, 2023 at 09:23AM",Readings,temperature,26.2000007629394,2023-10-29T08:23:34.374Z
"October 29, 2023 at 09:24AM",Readings,humidity,96.0,2023-10-29T08:24:33.608Z
"October 29, 2023 at 09:24AM",Readings,temperature,26.2000007629394,2023-10-29T08:24:33.608Z
"October 29, 2023 at 09:25AM",Readings,humidity,96.0,2023-10-29T08:25:33.625Z
"October 29, 2023 at 09:25AM",Readings,temperature,26.2000007629394,2023-10-29T08:25:33.625Z
"October 29, 2023 at 09:26AM",Readings,humidity,96.0,2023-10-29T08:26:33.623Z
"October 29, 2023 at 09:26AM",Readings,temperature,26.2000007629394,2023-10-29T08:26:33.623Z
"October 29, 2023 at 09:27AM",Readings,humidity,96.0,2023-10-29T08:27:33.734Z
"October 29, 2023 at 09:27AM",Readings,temperature,26.2000007629394,2023-10-29T08:27:33.734Z
"October 29, 2023 at 09:28AM",Readings,humidity,96.0,2023-10-29T08:28:33.763Z
"October 29, 2023 at 09:28AM",Readings,temperature,26.2999992370605,2023-10-29T08:28:33.763Z
"October 29, 2023 at 09:29AM",Readings,humidity,96.0,2023-10-29T08:29:33.739Z
"October 29, 2023 at 09:29AM",Readings,temperature,26.7000007629394,2023-10-29T08:29:33.739Z
"October 29, 2023 at 09:30AM",Readings,humidity,96.0,2023-10-29T08:30:33.746Z
"October 29, 2023 at 09:30AM",Readings,temperature,26.7000007629394,2023-10-29T08:30:33.746Z
"October 29, 2023 at 09:31AM",Readings,humidity,96.0,2023-10-29T08:31:33.76Z
"October 29, 2023 at 09:31AM",Readings,temperature,26.7000007629394,2023-10-29T08:31:33.76Z
"October 29, 2023 at 09:32AM",Readings,humidity,96.0,2023-10-29T08:32:33.765Z
"October 29, 2023 at 09:32AM",Readings,temperature,26.7000007629394,2023-10-29T08:32:33.765Z
"October 29, 2023 at 09:33AM",Readings,humidity,96.0,2023-10-29T08:33:33.769Z
"October 29, 2023 at 09:33AM",Readings,temperature,26.7000007629394,2023-10-29T08:33:33.769Z
"October 29, 2023 at 09:34AM",Readings,humidity,96.0,2023-10-29T08:34:33.795Z
"October 29, 2023 at 09:34AM",Readings,temperature,26.7000007629394,2023-10-29T08:34:33.795Z
"October 29, 2023 at 09:35AM",Readings,humidity,96.0,2023-10-29T08:35:33.88Z
"October 29, 2023 at 09:35AM",Readings,temperature,26.7000007629394,2023-10-29T08:35:33.88Z
"October 29, 2023 at 09:36AM",Readings,humidity,96.0,2023-10-29T08:36:34.015Z
"October 29, 2023 at 09:36AM",Readings,temperature,26.7000007629394,2023-10-29T08:36:34.015Z
"October 29, 2023 at 09:37AM",Readings,humidity,96.0,2023-10-29T08:37:33.903Z
"October 29, 2023 at 09:37AM",Readings,temperature,27.1000003814697,2023-10-29T08:37:33.903Z
"October 29, 2023 at 09:38AM",Readings,humidity,96.0,2023-10-29T08:38:33.894Z
"October 29, 2023 at 09:38AM",Readings,temperature,27.1000003814697,2023-10-29T08:38:33.894Z
"October 29, 2023 at 09:39AM",Readings,humidity,96.0,2023-10-29T08:39:34.017Z
"October 29, 2023 at 09:39AM",Readings,temperature,27.1000003814697,2023-10-29T08:39:34.017Z
"October 29, 2023 at 09:40AM",Readings,humidity,96.0,2023-10-29T08:40:33.931Z
"October 29, 2023 at 09:40AM",Readings,temperature,27.1000003814697,2023-10-29T08:40:33.931Z
"October 29, 2023 at 09:41AM",Readings,humidity,96.0,2023-10-29T08:41:33.926Z
"October 29, 2023 at 09:41AM",Readings,temperature,26.7000007629394,2023-10-29T08:41:33.926Z
"October 29, 2023 at 09:42AM",Readings,humidity,96.0,2023-10-29T08:42:33.936Z
"October 29, 2023 at 09:42AM",Readings,temperature,27.1000003814697,2023-10-29T08:42:33.936Z
"October 29, 2023 at 09:43AM",Readings,humidity,96.0,2023-10-29T08:43:34.053Z
"October 29, 2023 at 09:43AM",Readings,temperature,27.1000003814697,2023-10-29T08:43:34.053Z
"October 29, 2023 at 09:44AM",Readings,humidity,95.0,2023-10-29T08:44:33.947Z
"October 29, 2023 at 09:44AM",Readings,temperature,27.1000003814697,2023-10-29T08:44:33.947Z
"October 29, 2023 at 09:45AM",Readings,humidity,95.0,2023-10-29T08:45:33.951Z
"October 29, 2023 at 09:45AM",Readings,temperature,27.1000003814697,2023-10-29T08:45:33.951Z
"October 29, 2023 at 09:46AM",Readings,humidity,95.0,2023-10-29T08:46:34.077Z
"October 29, 2023 at 09:46AM",Readings,temperature,27.1000003814697,2023-10-29T08:46:34.077Z
"October 29, 2023 at 09:47AM",Readings,humidity,95.0,2023-10-29T08:47:34.169Z
"October 29, 2023 at 09:47AM",Readings,temperature,27.1000003814697,2023-10-29T08:47:34.169Z
"October 29, 2023 at 09:48AM",Readings,humidity,95.0,2023-10-29T08:48:34.177Z
"October 29, 2023 at 09:48AM",Readings,temperature,27.1000003814697,2023-10-29T08:48:34.177Z
"October 29, 2023 at 09:49AM",Readings,humidity,95.0,2023-10-29T08:49:34.35Z
"October 29, 2023 at 09:49AM",Readings,temperature,27.1000003814697,2023-10-29T08:49:34.35Z
"October 29, 2023 at 09:50AM",Readings,humidity,96.0,2023-10-29T08:50:34.171Z
"October 29, 2023 at 09:50AM",Readings,temperature,27.1000003814697,2023-10-29T08:50:34.171Z
"October 29, 2023 at 09:51AM",Readings,humidity,96.0,2023-10-29T08:51:34.194Z
"October 29, 2023 at 09:51AM",Readings,temperature,27.1000003814697,2023-10-29T08:51:34.194Z
"October 29, 2023 at 09:52AM",Readings,humidity,95.0,2023-10-29T08:52:34.133Z
"October 29, 2023 at 09:52AM",Readings,temperature,27.1000003814697,2023-10-29T08:52:34.133Z
"October 29, 2023 at 09:53AM",Readings,humidity,95.0,2023-10-29T08:53:34.213Z
"October 29, 2023 at 09:53AM",Readings,temperature,27.1000003814697,2023-10-29T08:53:34.213Z
"October 29, 2023 at 09:54AM",Readings,humidity,95.0,2023-10-29T08:54:34.325Z
"October 29, 2023 at 09:54AM",Readings,temperature,26.7000007629394,2023-10-29T08:54:34.325Z
"October 29, 2023 at 09:55AM",Readings,humidity,95.0,2023-10-29T08:55:34.13Z
"October 29, 2023 at 09:55AM",Readings,temperature,26.7000007629394,2023-10-29T08:55:34.13Z
"October 29, 2023 at 09:56AM",Readings,humidity,95.0,2023-10-29T08:56:34.127Z
"October 29, 2023 at 09:56AM",Readings,temperature,26.7000007629394,2023-10-29T08:56:34.127Z
"October 29, 2023 at 09:57AM",Readings,humidity,95.0,2023-10-29T08:57:34.128Z
"October 29, 2023 at 09:57AM",Readings,temperature,27.1000003814697,2023-10-29T08:57:34.128Z
"October 29, 2023 at 09:58AM",Readings,humidity,95.0,2023-10-29T08:58:34.256Z
"October 29, 2023 at 09:58AM",Readings,temperature,27.1000003814697,2023-10-29T08:58:34.256Z
"October 29, 2023 at 09:59AM",Readings,humidity,95.0,2023-10-29T08:59:34.236Z
"October 29, 2023 at 09:59AM",Readings,temperature,27.1000003814697,2023-10-29T08:59:34.236Z
"October 29, 2023 at 10:00AM",Readings,humidity,95.0,2023-10-29T09:00:34.357Z
"October 29, 2023 at 10:00AM",Readings,temperature,27.1000003814697,2023-10-29T09:00:34.357Z
"October 29, 2023 at 10:01AM",Readings,humidity,95.0,2023-10-29T09:01:34.367Z
"October 29, 2023 at 10:01AM",Readings,temperature,27.1000003814697,2023-10-29T09:01:34.367Z
"October 29, 2023 at 10:02AM",Readings,humidity,95.0,2023-10-29T09:02:34.471Z
"October 29, 2023 at 10:02AM",Readings,temperature,27.1000003814697,2023-10-29T09:02:34.471Z
"October 29, 2023 at 10:03AM",Readings,humidity,95.0,2023-10-29T09:03:34.381Z
"October 29, 2023 at 10:03AM",Readings,temperature,27.1000003814697,2023-10-29T09:03:34.381Z
"October 29, 2023 at 10:04AM",Readings,humidity,95.0,2023-10-29T09:04:34.495Z
"October 29, 2023 at 10:04AM",Readings,temperature,27.1000003814697,2023-10-29T09:04:34.495Z
"October 29, 2023 at 10:05AM",Readings,humidity,95.0,2023-10-29T09:05:34.491Z
"October 29, 2023 at 10:05AM",Readings,temperature,27.1000003814697,2023-10-29T09:05:34.491Z
"October 29, 2023 at 10:06AM",Readings,humidity,95.0,2023-10-29T09:06:34.394Z
"October 29, 2023 at 10:06AM",Readings,temperature,27.1000003814697,2023-10-29T09:06:34.394Z
"October 29, 2023 at 10:07AM",Readings,humidity,95.0,2023-10-29T09:07:34.406Z
"October 29, 2023 at 10:07AM",Readings,temperature,27.1000003814697,2023-10-29T09:07:34.406Z
"October 29, 2023 at 10:08AM",Readings,humidity,95.0,2023-10-29T09:08:34.415Z
"October 29, 2023 at 10:08AM",Readings,temperature,27.1000003814697,2023-10-29T09:08:34.415Z
"October 29, 2023 at 10:09AM",Readings,humidity,95.0,2023-10-29T09:09:34.407Z
"October 29, 2023 at 10:09AM",Readings,temperature,27.1000003814697,2023-10-29T09:09:34.407Z
"October 29, 2023 at 10:10AM",Readings,humidity,95.0,2023-10-29T09:10:34.535Z
"October 29, 2023 at 10:10AM",Readings,temperature,27.1000003814697,2023-10-29T09:10:34.535Z
"October 29, 2023 at 10:11AM",Readings,humidity,95.0,2023-10-29T09:11:34.53Z
"October 29, 2023 at 10:11AM",Readings,temperature,27.1000003814697,2023-10-29T09:11:34.53Z
"October 29, 2023 at 10:12AM",Readings,humidity,95.0,2023-10-29T09:12:34.539Z
"October 29, 2023 at 10:12AM",Readings,temperature,27.1000003814697,2023-10-29T09:12:34.539Z
"October 29, 2023 at 10:13AM",Readings,humidity,95.0,2023-10-29T09:13:34.553Z
"October 29, 2023 at 10:13AM",Readings,temperature,27.1000003814697,2023-10-29T09:13:34.553Z
"October 29, 2023 at 10:14AM",Readings,humidity,95.0,2023-10-29T09:14:34.544Z
"October 29, 2023 at 10:14AM",Readings,temperature,27.1000003814697,2023-10-29T09:14:34.544Z
"October 29, 2023 at 10:15AM",Readings,humidity,95.0,2023-10-29T09:15:34.568Z
"October 29, 2023 at 10:15AM",Readings,temperature,27.6000003814697,2023-10-29T09:15:34.568Z
"October 29, 2023 at 10:16AM",Readings,humidity,95.0,2023-10-29T09:16:34.591Z
"October 29, 2023 at 10:16AM",Readings,temperature,27.6000003814697,2023-10-29T09:16:34.591Z
"October 29, 2023 at 10:17AM",Readings,humidity,95.0,2023-10-29T09:17:34.681Z
"October 29, 2023 at 10:17AM",Readings,temperature,27.6000003814697,2023-10-29T09:17:34.681Z
"October 29, 2023 at 10:18AM",Readings,humidity,95.0,2023-10-29T09:18:34.571Z
"October 29, 2023 at 10:18AM",Readings,temperature,27.6000003814697,2023-10-29T09:18:34.571Z
"October 29, 2023 at 10:19AM",Readings,humidity,95.0,2023-10-29T09:19:34.592Z
"October 29, 2023 at 10:19AM",Readings,temperature,27.6000003814697,2023-10-29T09:19:34.592Z
"October 29, 2023 at 10:20AM",Readings,humidity,95.0,2023-10-29T09:20:34.589Z
"October 29, 2023 at 10:20AM",Readings,temperature,27.6000003814697,2023-10-29T09:20:34.589Z
"October 29, 2023 at 10:21AM",Readings,humidity,95.0,2023-10-29T09:21:34.803Z
"October 29, 2023 at 10:21AM",Readings,temperature,27.6000003814697,2023-10-29T09:21:34.803Z
"October 29, 2023 at 10:22AM",Readings,humidity,95.0,2023-10-29T09:22:34.679Z
"October 29, 2023 at 10:22AM",Readings,temperature,27.6000003814697,2023-10-29T09:22:34.679Z
"October 29, 2023 at 10:23AM",Readings,humidity,95.0,2023-10-29T09:23:34.813Z
"October 29, 2023 at 10:23AM",Readings,temperature,27.6000003814697,2023-10-29T09:23:34.813Z
"October 29, 2023 at 10:24AM",Readings,humidity,94.0,2023-10-29T09:24:34.712Z
"October 29, 2023 at 10:24AM",Readings,temperature,27.6000003814697,2023-10-29T09:24:34.712Z
"October 29, 2023 at 10:25AM",Readings,humidity,94.0,2023-10-29T09:25:34.839Z
"October 29, 2023 at 10:25AM",Readings,temperature,27.6000003814697,2023-10-29T09:25:34.839Z
"October 29, 2023 at 10:26AM",Readings,humidity,94.0,2023-10-29T09:26:34.729Z
"October 29, 2023 at 10:26AM",Readings,temperature,27.6000003814697,2023-10-29T09:26:34.729Z
"October 29, 2023 at 10:27AM",Readings,humidity,93.0,2023-10-29T09:27:34.838Z
"October 29, 2023 at 10:27AM",Readings,temperature,28.0,2023-10-29T09:27:34.838Z
"October 29, 2023 at 10:28AM",Readings,humidity,93.0,2023-10-29T09:28:34.852Z
"October 29, 2023 at 10:28AM",Readings,temperature,28.0,2023-10-29T09:28:34.852Z
"October 29, 2023 at 10:29AM",Readings,humidity,94.0,2023-10-29T09:29:34.865Z
"October 29, 2023 at 10:29AM",Readings,temperature,27.7000007629394,2023-10-29T09:29:34.865Z
"October 29, 2023 at 10:30AM",Readings,humidity,93.0,2023-10-29T09:30:34.86Z
"October 29, 2023 at 10:30AM",Readings,temperature,28.0,2023-10-29T09:30:34.86Z
"October 29, 2023 at 10:31AM",Readings,humidity,93.0,2023-10-29T09:31:34.775Z
"October 29, 2023 at 10:31AM",Readings,temperature,28.0,2023-10-29T09:31:34.775Z
"October 29, 2023 at 10:32AM",Readings,humidity,93.0,2023-10-29T09:32:34.768Z
"October 29, 2023 at 10:32AM",Readings,temperature,28.0,2023-10-29T09:32:34.768Z
"October 29, 2023 at 10:33AM",Readings,humidity,93.0,2023-10-29T09:33:34.877Z
"October 29, 2023 at 10:33AM",Readings,temperature,28.0,2023-10-29T09:33:34.877Z
"October 29, 2023 at 10:34AM",Readings,humidity,94.0,2023-10-29T09:34:34.707Z
"October 29, 2023 at 10:34AM",Readings,temperature,27.7999992370605,2023-10-29T09:34:34.707Z
"October 29, 2023 at 10:35AM",Readings,humidity,94.0,2023-10-29T09:35:34.887Z
"October 29, 2023 at 10:35AM",Readings,temperature,27.6000003814697,2023-10-29T09:35:34.887Z
"October 29, 2023 at 10:36AM",Readings,humidity,94.0,2023-10-29T09:36:34.9Z
"October 29, 2023 at 10:36AM",Readings,temperature,27.6000003814697,2023-10-29T09:36:34.9Z
"October 29, 2023 at 10:37AM",Readings,humidity,94.0,2023-10-29T09:37:35.012Z
"October 29, 2023 at 10:37AM",Readings,temperature,27.6000003814697,2023-10-29T09:37:35.012Z
"October 29, 2023 at 10:38AM",Readings,humidity,94.0,2023-10-29T09:38:35.023Z
"October 29, 2023 at 10:38AM",Readings,temperature,27.6000003814697,2023-10-29T09:38:35.023Z
"October 29, 2023 at 10:39AM",Readings,humidity,93.0,2023-10-29T09:39:34.967Z
"October 29, 2023 at 10:39AM",Readings,temperature,28.0,2023-10-29T09:39:34.967Z
"October 29, 2023 at 10:40AM",Readings,humidity,93.0,2023-10-29T09:40:35.149Z
"October 29, 2023 at 10:40AM",Readings,temperature,28.0,2023-10-29T09:40:35.149Z
"October 29, 2023 at 10:41AM",Readings,humidity,93.0,2023-10-29T09:41:34.926Z
"October 29, 2023 at 10:41AM",Readings,temperature,28.0,2023-10-29T09:41:34.926Z
"October 29, 2023 at 10:42AM",Readings,humidity,93.0,2023-10-29T09:42:34.96Z
"October 29, 2023 at 10:42AM",Readings,temperature,28.0,2023-10-29T09:42:34.96Z
"October 29, 2023 at 10:43AM",Readings,humidity,92.0,2023-10-29T09:43:35.065Z
"October 29, 2023 at 10:43AM",Readings,temperature,28.0,2023-10-29T09:43:35.065Z
"October 29, 2023 at 10:44AM",Readings,humidity,92.0,2023-10-29T09:44:34.96Z
"October 29, 2023 at 10:44AM",Readings,temperature,28.0,2023-10-29T09:44:34.96Z
"October 29, 2023 at 10:45AM",Readings,humidity,92.0,2023-10-29T09:45:35.069Z
"October 29, 2023 at 10:45AM",Readings,temperature,28.0,2023-10-29T09:45:35.069Z
"October 29, 2023 at 10:46AM",Readings,humidity,92.0,2023-10-29T09:46:35.068Z
"October 29, 2023 at 10:46AM",Readings,temperature,28.0,2023-10-29T09:46:35.068Z
"October 29, 2023 at 10:47AM",Readings,humidity,92.0,2023-10-29T09:47:35.193Z
"October 29, 2023 at 10:47AM",Readings,temperature,28.0,2023-10-29T09:47:35.193Z
"October 29, 2023 at 10:48AM",Readings,humidity,92.0,2023-10-29T09:48:35.19Z
"October 29, 2023 at 10:48AM",Readings,temperature,28.0,2023-10-29T09:48:35.19Z
"October 29, 2023 at 10:49AM",Readings,humidity,92.0,2023-10-29T09:49:35.191Z
"October 29, 2023 at 10:49AM",Readings,temperature,28.0,2023-10-29T09:49:35.191Z
"October 29, 2023 at 10:50AM",Readings,humidity,92.0,2023-10-29T09:50:35.196Z
"October 29, 2023 at 10:50AM",Readings,temperature,28.0,2023-10-29T09:50:35.196Z
"October 29, 2023 at 10:51AM",Readings,humidity,92.0,2023-10-29T09:51:35.306Z
"October 29, 2023 at 10:51AM",Readings,temperature,28.0,2023-10-29T09:51:35.306Z
"October 29, 2023 at 10:52AM",Readings,humidity,92.0,2023-10-29T09:52:35.325Z
"October 29, 2023 at 10:52AM",Readings,temperature,28.0,2023-10-29T09:52:35.325Z
"October 29, 2023 at 10:53AM",Readings,humidity,92.0,2023-10-29T09:53:35.326Z
"October 29, 2023 at 10:53AM",Readings,temperature,28.0,2023-10-29T09:53:35.326Z
"October 29, 2023 at 10:54AM",Readings,humidity,92.0,2023-10-29T09:54:35.26Z
"October 29, 2023 at 10:54AM",Readings,temperature,28.5,2023-10-29T09:54:35.26Z
"October 29, 2023 at 10:55AM",Readings,humidity,92.0,2023-10-29T09:55:36.415Z
"October 29, 2023 at 10:55AM",Readings,temperature,28.5,2023-10-29T09:55:36.415Z
"October 29, 2023 at 10:56AM",Readings,humidity,92.0,2023-10-29T09:56:35.235Z
"October 29, 2023 at 10:56AM",Readings,temperature,28.5,2023-10-29T09:56:35.235Z
"October 29, 2023 at 10:57AM",Readings,humidity,92.0,2023-10-29T09:57:35.239Z
"October 29, 2023 at 10:57AM",Readings,temperature,28.5,2023-10-29T09:57:35.239Z
"October 29, 2023 at 10:58AM",Readings,humidity,92.0,2023-10-29T09:58:35.351Z
"October 29, 2023 at 10:58AM",Readings,temperature,28.5,2023-10-29T09:58:35.351Z
"October 29, 2023 at 10:59AM",Readings,temperature,28.5,2023-10-29T09:59:35.465Z
"October 29, 2023 at 10:59AM",Readings,humidity,92.0,2023-10-29T09:59:35.465Z
"October 29, 2023 at 11:00AM",Readings,humidity,92.0,2023-10-29T10:00:35.483Z
"October 29, 2023 at 11:00AM",Readings,temperature,28.5,2023-10-29T10:00:35.483Z
"October 29, 2023 at 11:01AM",Readings,humidity,92.0,2023-10-29T10:01:35.468Z
"October 29, 2023 at 11:01AM",Readings,temperature,28.7999992370605,2023-10-29T10:01:35.468Z
"October 29, 2023 at 11:02AM",Readings,humidity,92.0,2023-10-29T10:02:35.484Z
"October 29, 2023 at 11:02AM",Readings,temperature,28.8999996185302,2023-10-29T10:02:35.484Z
"October 29, 2023 at 11:03AM",Readings,humidity,92.0,2023-10-29T10:03:35.407Z
"October 29, 2023 at 11:03AM",Readings,temperature,28.8999996185302,2023-10-29T10:03:35.407Z
"October 29, 2023 at 11:04AM",Readings,humidity,92.0,2023-10-29T10:04:35.492Z
"October 29, 2023 at 11:04AM",Readings,temperature,28.8999996185302,2023-10-29T10:04:35.492Z
"October 29, 2023 at 11:05AM",Readings,humidity,92.0,2023-10-29T10:05:35.601Z
"October 29, 2023 at 11:05AM",Readings,temperature,28.8999996185302,2023-10-29T10:05:35.601Z
"October 29, 2023 at 11:06AM",Readings,humidity,91.0,2023-10-29T10:06:35.67Z
"October 29, 2023 at 11:06AM",Readings,temperature,28.8999996185302,2023-10-29T10:06:35.67Z
"October 29, 2023 at 11:07AM",Readings,humidity,91.0,2023-10-29T10:07:35.625Z
"October 29, 2023 at 11:07AM",Readings,temperature,28.8999996185302,2023-10-29T10:07:35.625Z
"October 29, 2023 at 11:08AM",Readings,humidity,91.0,2023-10-29T10:08:35.536Z
"October 29, 2023 at 11:08AM",Readings,temperature,28.8999996185302,2023-10-29T10:08:35.536Z
"October 29, 2023 at 11:09AM",Readings,humidity,92.0,2023-10-29T10:09:35.537Z
"October 29, 2023 at 11:09AM",Readings,temperature,28.8999996185302,2023-10-29T10:09:35.537Z
"October 29, 2023 at 11:10AM",Readings,humidity,91.0,2023-10-29T10:10:35.436Z
"October 29, 2023 at 11:10AM",Readings,temperature,28.8999996185302,2023-10-29T10:10:35.436Z
"October 29, 2023 at 11:11AM",Readings,humidity,91.0,2023-10-29T10:11:35.541Z
"October 29, 2023 at 11:11AM",Readings,temperature,28.8999996185302,2023-10-29T10:11:35.541Z
"October 29, 2023 at 11:12AM",Readings,humidity,91.0,2023-10-29T10:12:35.576Z
"October 29, 2023 at 11:12AM",Readings,temperature,29.0,2023-10-29T10:12:35.576Z
"October 29, 2023 at 11:13AM",Readings,humidity,91.0,2023-10-29T10:13:35.661Z
"October 29, 2023 at 11:13AM",Readings,temperature,29.2999992370605,2023-10-29T10:13:35.661Z
"October 29, 2023 at 11:14AM",Readings,humidity,91.0,2023-10-29T10:14:35.668Z
"October 29, 2023 at 11:14AM",Readings,temperature,29.2999992370605,2023-10-29T10:14:35.668Z
"October 29, 2023 at 11:15AM",Readings,humidity,91.0,2023-10-29T10:15:35.663Z
"October 29, 2023 at 11:15AM",Readings,temperature,29.2999992370605,2023-10-29T10:15:35.663Z
"October 29, 2023 at 11:16AM",Readings,humidity,91.0,2023-10-29T10:16:35.665Z
"October 29, 2023 at 11:16AM",Readings,temperature,29.2999992370605,2023-10-29T10:16:35.665Z
"October 29, 2023 at 11:17AM",Readings,humidity,91.0,2023-10-29T10:17:35.79Z
"October 29, 2023 at 11:17AM",Readings,temperature,29.2999992370605,2023-10-29T10:17:35.79Z
"October 29, 2023 at 11:18AM",Readings,humidity,91.0,2023-10-29T10:18:35.633Z
"October 29, 2023 at 11:18AM",Readings,temperature,29.2999992370605,2023-10-29T10:18:35.633Z
"October 29, 2023 at 11:19AM",Readings,humidity,91.0,2023-10-29T10:19:35.788Z
"October 29, 2023 at 11:19AM",Readings,temperature,28.8999996185302,2023-10-29T10:19:35.788Z
"October 29, 2023 at 11:20AM",Readings,humidity,91.0,2023-10-29T10:20:35.695Z
"October 29, 2023 at 11:20AM",Readings,temperature,28.8999996185302,2023-10-29T10:20:35.695Z
"October 29, 2023 at 11:21AM",Readings,humidity,91.0,2023-10-29T10:21:37.137Z
"October 29, 2023 at 11:21AM",Readings,temperature,28.8999996185302,2023-10-29T10:21:37.137Z
"October 29, 2023 at 11:22AM",Readings,humidity,91.0,2023-10-29T10:22:35.707Z
"October 29, 2023 at 11:22AM",Readings,temperature,29.2999992370605,2023-10-29T10:22:35.707Z
"October 29, 2023 at 11:23AM",Readings,humidity,91.0,2023-10-29T10:23:35.723Z
"October 29, 2023 at 11:23AM",Readings,temperature,29.2999992370605,2023-10-29T10:23:35.723Z
"October 29, 2023 at 11:24AM",Readings,humidity,91.0,2023-10-29T10:24:35.721Z
"October 29, 2023 at 11:24AM",Readings,temperature,29.2999992370605,2023-10-29T10:24:35.721Z
"October 29, 2023 at 11:25AM",Readings,humidity,91.0,2023-10-29T10:25:35.728Z
"October 29, 2023 at 11:25AM",Readings,temperature,29.2999992370605,2023-10-29T10:25:35.728Z
"October 29, 2023 at 11:26AM",Readings,humidity,91.0,2023-10-29T10:26:35.963Z
"October 29, 2023 at 11:26AM",Readings,temperature,29.2999992370605,2023-10-29T10:26:35.963Z
"October 29, 2023 at 11:27AM",Readings,humidity,91.0,2023-10-29T10:27:35.876Z
"October 29, 2023 at 11:27AM",Readings,temperature,29.2999992370605,2023-10-29T10:27:35.876Z
"October 29, 2023 at 11:28AM",Readings,humidity,91.0,2023-10-29T10:28:35.854Z
"October 29, 2023 at 11:28AM",Readings,temperature,29.2999992370605,2023-10-29T10:28:35.854Z
"October 29, 2023 at 11:29AM",Readings,humidity,91.0,2023-10-29T10:29:35.974Z
"October 29, 2023 at 11:29AM",Readings,temperature,29.7999992370605,2023-10-29T10:29:35.974Z
"October 29, 2023 at 11:30AM",Readings,humidity,91.0,2023-10-29T10:30:35.965Z
"October 29, 2023 at 11:30AM",Readings,temperature,29.7999992370605,2023-10-29T10:30:35.965Z
"October 29, 2023 at 11:31AM",Readings,humidity,91.0,2023-10-29T10:31:35.975Z
"October 29, 2023 at 11:31AM",Readings,temperature,29.7999992370605,2023-10-29T10:31:35.975Z
"October 29, 2023 at 11:32AM",Readings,humidity,91.0,2023-10-29T10:32:35.996Z
"October 29, 2023 at 11:32AM",Readings,temperature,29.7999992370605,2023-10-29T10:32:35.996Z
"October 29, 2023 at 11:33AM",Readings,humidity,91.0,2023-10-29T10:33:35.883Z
"October 29, 2023 at 11:33AM",Readings,temperature,29.7999992370605,2023-10-29T10:33:35.883Z
"October 29, 2023 at 11:34AM",Readings,humidity,91.0,2023-10-29T10:34:35.896Z
"October 29, 2023 at 11:34AM",Readings,temperature,29.7999992370605,2023-10-29T10:34:35.896Z
"October 29, 2023 at 11:35AM",Readings,humidity,91.0,2023-10-29T10:35:35.905Z
"October 29, 2023 at 11:35AM",Readings,temperature,29.7999992370605,2023-10-29T10:35:35.905Z
"October 29, 2023 at 11:36AM",Readings,humidity,91.0,2023-10-29T10:36:36.015Z
"October 29, 2023 at 11:36AM",Readings,temperature,29.7999992370605,2023-10-29T10:36:36.015Z
"October 29, 2023 at 11:37AM",Readings,humidity,91.0,2023-10-29T10:37:36.013Z
"October 29, 2023 at 11:37AM",Readings,temperature,29.7999992370605,2023-10-29T10:37:36.013Z
"October 29, 2023 at 11:38AM",Readings,humidity,91.0,2023-10-29T10:38:36.026Z
"October 29, 2023 at 11:38AM",Readings,temperature,29.7999992370605,2023-10-29T10:38:36.026Z
"October 29, 2023 at 11:39AM",Readings,humidity,91.0,2023-10-29T10:39:36.046Z
"October 29, 2023 at 11:39AM",Readings,temperature,29.7999992370605,2023-10-29T10:39:36.046Z
"October 29, 2023 at 11:40AM",Readings,humidity,91.0,2023-10-29T10:40:36.135Z
"October 29, 2023 at 11:40AM",Readings,temperature,29.7999992370605,2023-10-29T10:40:36.135Z
"October 29, 2023 at 11:41AM",Readings,humidity,91.0,2023-10-29T10:41:36.151Z
"October 29, 2023 at 11:41AM",Readings,temperature,29.7999992370605,2023-10-29T10:41:36.151Z
"October 29, 2023 at 11:42AM",Readings,humidity,91.0,2023-10-29T10:42:36.145Z
"October 29, 2023 at 11:42AM",Readings,temperature,29.7999992370605,2023-10-29T10:42:36.145Z
"October 29, 2023 at 11:43AM",Readings,humidity,91.0,2023-10-29T10:43:36.152Z
"October 29, 2023 at 11:43AM",Readings,temperature,29.7999992370605,2023-10-29T10:43:36.152Z
"October 29, 2023 at 11:44AM",Readings,humidity,91.0,2023-10-29T10:44:36.17Z
"October 29, 2023 at 11:44AM",Readings,temperature,29.7999992370605,2023-10-29T10:44:36.17Z
"October 29, 2023 at 11:45AM",Readings,humidity,91.0,2023-10-29T10:45:36.067Z
"October 29, 2023 at 11:45AM",Readings,temperature,29.7999992370605,2023-10-29T10:45:36.067Z
"October 29, 2023 at 11:46AM",Readings,humidity,90.0,2023-10-29T10:46:36.069Z
"October 29, 2023 at 11:46AM",Readings,temperature,29.7999992370605,2023-10-29T10:46:36.069Z
"October 29, 2023 at 11:47AM",Readings,humidity,91.0,2023-10-29T10:47:36.192Z
"October 29, 2023 at 11:47AM",Readings,temperature,29.7999992370605,2023-10-29T10:47:36.192Z
"October 29, 2023 at 11:48AM",Readings,humidity,91.0,2023-10-29T10:48:36.125Z
"October 29, 2023 at 11:48AM",Readings,temperature,29.7999992370605,2023-10-29T10:48:36.125Z
"October 29, 2023 at 11:49AM",Readings,humidity,91.0,2023-10-29T10:49:36.194Z
"October 29, 2023 at 11:49AM",Readings,temperature,29.7999992370605,2023-10-29T10:49:36.194Z
"October 29, 2023 at 11:50AM",Readings,humidity,91.0,2023-10-29T10:50:36.209Z
"October 29, 2023 at 11:50AM",Readings,temperature,29.7999992370605,2023-10-29T10:50:36.209Z
"October 29, 2023 at 11:51AM",Readings,humidity,91.0,2023-10-29T10:51:36.304Z
"October 29, 2023 at 11:51AM",Readings,temperature,29.7999992370605,2023-10-29T10:51:36.304Z
"October 29, 2023 at 11:52AM",Readings,humidity,91.0,2023-10-29T10:52:36.329Z
"October 29, 2023 at 11:52AM",Readings,temperature,29.7999992370605,2023-10-29T10:52:36.329Z
"October 29, 2023 at 11:53AM",Readings,humidity,91.0,2023-10-29T10:53:36.233Z
"October 29, 2023 at 11:53AM",Readings,temperature,29.7999992370605,2023-10-29T10:53:36.233Z
"October 29, 2023 at 11:54AM",Readings,humidity,91.0,2023-10-29T10:54:36.325Z
"October 29, 2023 at 11:54AM",Readings,temperature,29.7999992370605,2023-10-29T10:54:36.325Z
"October 29, 2023 at 11:55AM",Readings,temperature,29.7999992370605,2023-10-29T10:55:36.33Z
"October 29, 2023 at 11:55AM",Readings,humidity,91.0,2023-10-29T10:55:36.33Z
"October 29, 2023 at 11:56AM",Readings,temperature,29.7999992370605,2023-10-29T10:56:36.36Z
"October 29, 2023 at 11:56AM",Readings,humidity,91.0,2023-10-29T10:56:36.36Z
"October 29, 2023 at 11:57AM",Readings,humidity,91.0,2023-10-29T10:57:38.152Z
"October 29, 2023 at 11:57AM",Readings,temperature,29.7999992370605,2023-10-29T10:57:38.152Z
"October 29, 2023 at 11:58AM",Readings,humidity,91.0,2023-10-29T10:58:36.352Z
"October 29, 2023 at 11:58AM",Readings,temperature,29.7999992370605,2023-10-29T10:58:36.352Z
"October 29, 2023 at 11:59AM",Readings,humidity,91.0,2023-10-29T10:59:36.263Z
"October 29, 2023 at 11:59AM",Readings,temperature,29.7999992370605,2023-10-29T10:59:36.263Z
"October 29, 2023 at 12:00PM",Readings,humidity,91.0,2023-10-29T11:00:36.372Z
"October 29, 2023 at 12:00PM",Readings,temperature,29.7999992370605,2023-10-29T11:00:36.372Z
"October 29, 2023 at 12:01PM",Readings,humidity,91.0,2023-10-29T11:01:36.479Z
"October 29, 2023 at 12:01PM",Readings,temperature,29.7999992370605,2023-10-29T11:01:36.479Z
"October 29, 2023 at 12:02PM",Readings,humidity,91.0,2023-10-29T11:02:36.39Z
"October 29, 2023 at 12:02PM",Readings,temperature,29.7999992370605,2023-10-29T11:02:36.39Z
"October 29, 2023 at 12:03PM",Readings,humidity,91.0,2023-10-29T11:03:36.595Z
"October 29, 2023 at 12:03PM",Readings,temperature,29.7999992370605,2023-10-29T11:03:36.595Z
"October 29, 2023 at 12:04PM",Readings,humidity,91.0,2023-10-29T11:04:36.503Z
"October 29, 2023 at 12:04PM",Readings,temperature,29.7999992370605,2023-10-29T11:04:36.503Z
"October 29, 2023 at 12:05PM",Readings,humidity,91.0,2023-10-29T11:05:36.513Z
"October 29, 2023 at 12:05PM",Readings,temperature,29.7999992370605,2023-10-29T11:05:36.513Z
"October 29, 2023 at 12:06PM",Readings,humidity,91.0,2023-10-29T11:06:36.505Z
"October 29, 2023 at 12:06PM",Readings,temperature,29.7999992370605,2023-10-29T11:06:36.505Z
"October 29, 2023 at 12:07PM",Readings,humidity,91.0,2023-10-29T11:07:36.509Z
"October 29, 2023 at 12:07PM",Readings,temperature,29.7999992370605,2023-10-29T11:07:36.509Z
"October 29, 2023 at 12:08PM",Readings,humidity,91.0,2023-10-29T11:08:38.942Z
"October 29, 2023 at 12:08PM",Readings,temperature,29.7999992370605,2023-10-29T11:08:38.942Z
"October 29, 2023 at 12:09PM",Readings,humidity,91.0,2023-10-29T11:09:36.427Z
"October 29, 2023 at 12:09PM",Readings,temperature,29.7999992370605,2023-10-29T11:09:36.427Z
"October 29, 2023 at 12:10PM",Readings,humidity,91.0,2023-10-29T11:10:36.532Z
"October 29, 2023 at 12:10PM",Readings,temperature,29.7999992370605,2023-10-29T11:10:36.532Z
"October 29, 2023 at 12:11PM",Readings,humidity,91.0,2023-10-29T11:11:36.588Z
"October 29, 2023 at 12:11PM",Readings,temperature,29.7999992370605,2023-10-29T11:11:36.588Z
"October 29, 2023 at 12:12PM",Readings,humidity,91.0,2023-10-29T11:12:36.667Z
"October 29, 2023 at 12:12PM",Readings,temperature,29.7999992370605,2023-10-29T11:12:36.667Z
"October 29, 2023 at 12:13PM",Readings,temperature,30.2000007629394,2023-10-29T11:13:36.756Z
"October 29, 2023 at 12:13PM",Readings,humidity,90.0,2023-10-29T11:13:36.756Z
"October 29, 2023 at 12:14PM",Readings,humidity,90.0,2023-10-29T11:14:36.764Z
"October 29, 2023 at 12:14PM",Readings,temperature,30.2000007629394,2023-10-29T11:14:36.764Z
"October 29, 2023 at 12:15PM",Readings,humidity,90.0,2023-10-29T11:15:36.782Z
"October 29, 2023 at 12:15PM",Readings,temperature,30.2000007629394,2023-10-29T11:15:36.782Z
"October 29, 2023 at 12:16PM",Readings,humidity,90.0,2023-10-29T11:16:36.775Z
"October 29, 2023 at 12:16PM",Readings,temperature,30.2000007629394,2023-10-29T11:16:36.775Z
"October 29, 2023 at 12:17PM",Readings,humidity,90.0,2023-10-29T11:17:36.788Z
"October 29, 2023 at 12:17PM",Readings,temperature,30.2000007629394,2023-10-29T11:17:36.788Z
"October 29, 2023 at 12:18PM",Readings,humidity,90.0,2023-10-29T11:18:36.809Z
"October 29, 2023 at 12:18PM",Readings,temperature,30.2000007629394,2023-10-29T11:18:36.809Z
"October 29, 2023 at 12:19PM",Readings,humidity,90.0,2023-10-29T11:19:36.793Z
"October 29, 2023 at 12:19PM",Readings,temperature,30.2000007629394,2023-10-29T11:19:36.793Z
"October 29, 2023 at 12:20PM",Readings,humidity,90.0,2023-10-29T11:20:36.802Z
"October 29, 2023 at 12:20PM",Readings,temperature,30.2000007629394,2023-10-29T11:20:36.802Z
"October 29, 2023 at 12:21PM",Readings,humidity,90.0,2023-10-29T11:21:36.82Z
"October 29, 2023 at 12:21PM",Readings,temperature,30.2000007629394,2023-10-29T11:21:36.82Z
"October 29, 2023 at 12:22PM",Readings,humidity,89.0,2023-10-29T11:22:36.719Z
"October 29, 2023 at 12:22PM",Readings,temperature,30.2000007629394,2023-10-29T11:22:36.719Z
"October 29, 2023 at 12:23PM",Readings,humidity,89.0,2023-10-29T11:23:36.722Z
"October 29, 2023 at 12:23PM",Readings,temperature,30.2000007629394,2023-10-29T11:23:36.722Z
"October 29, 2023 at 12:24PM",Readings,humidity,89.0,2023-10-29T11:24:36.737Z
"October 29, 2023 at 12:24PM",Readings,temperature,30.2000007629394,2023-10-29T11:24:36.737Z
"October 29, 2023 at 12:25PM",Readings,humidity,89.0,2023-10-29T11:25:36.941Z
"October 29, 2023 at 12:25PM",Readings,temperature,30.2000007629394,2023-10-29T11:25:36.941Z
"October 29, 2023 at 12:26PM",Readings,humidity,89.0,2023-10-29T11:26:36.86Z
"October 29, 2023 at 12:26PM",Readings,temperature,30.2000007629394,2023-10-29T11:26:36.86Z
"October 29, 2023 at 12:27PM",Readings,humidity,88.0,2023-10-29T11:27:36.859Z
"October 29, 2023 at 12:27PM",Readings,temperature,30.2000007629394,2023-10-29T11:27:36.859Z
"October 29, 2023 at 12:28PM",Readings,humidity,88.0,2023-10-29T11:28:36.859Z
"October 29, 2023 at 12:28PM",Readings,temperature,30.2000007629394,2023-10-29T11:28:36.859Z
"October 29, 2023 at 12:29PM",Readings,temperature,30.2000007629394,2023-10-29T11:29:36.969Z
"October 29, 2023 at 12:29PM",Readings,humidity,88.0,2023-10-29T11:29:36.969Z
"October 29, 2023 at 12:30PM",Readings,humidity,88.0,2023-10-29T11:30:36.975Z
"October 29, 2023 at 12:30PM",Readings,temperature,30.2000007629394,2023-10-29T11:30:36.975Z
"October 29, 2023 at 12:31PM",Readings,humidity,88.0,2023-10-29T11:31:36.979Z
"October 29, 2023 at 12:31PM",Readings,temperature,30.2000007629394,2023-10-29T11:31:36.979Z
"October 29, 2023 at 12:32PM",Readings,humidity,88.0,2023-10-29T11:32:38.999Z
"October 29, 2023 at 12:32PM",Readings,temperature,30.2000007629394,2023-10-29T11:32:38.999Z
"October 29, 2023 at 12:33PM",Readings,humidity,87.0,2023-10-29T11:33:36.907Z
"October 29, 2023 at 12:33PM",Readings,temperature,30.2000007629394,2023-10-29T11:33:36.907Z
"October 29, 2023 at 12:34PM",Readings,humidity,87.0,2023-10-29T11:34:36.906Z
"October 29, 2023 at 12:34PM",Readings,temperature,30.2000007629394,2023-10-29T11:34:36.906Z
"October 29, 2023 at 12:35PM",Readings,humidity,87.0,2023-10-29T11:35:37.009Z
"October 29, 2023 at 12:35PM",Readings,temperature,30.2000007629394,2023-10-29T11:35:37.009Z
"October 29, 2023 at 12:36PM",Readings,humidity,87.0,2023-10-29T11:36:37.017Z
"October 29, 2023 at 12:36PM",Readings,temperature,30.2000007629394,2023-10-29T11:36:37.017Z
"October 29, 2023 at 12:37PM",Readings,humidity,87.0,2023-10-29T11:37:37.027Z
"October 29, 2023 at 12:37PM",Readings,temperature,30.2000007629394,2023-10-29T11:37:37.027Z
"October 29, 2023 at 12:38PM",Readings,humidity,87.0,2023-10-29T11:38:37.026Z
"October 29, 2023 at 12:38PM",Readings,temperature,30.2000007629394,2023-10-29T11:38:37.026Z
"October 29, 2023 at 12:39PM",Readings,humidity,87.0,2023-10-29T11:39:37.04Z
"October 29, 2023 at 12:39PM",Readings,temperature,30.2000007629394,2023-10-29T11:39:37.04Z
"October 29, 2023 at 12:40PM",Readings,humidity,87.0,2023-10-29T11:40:37.149Z
"October 29, 2023 at 12:40PM",Readings,temperature,30.2000007629394,2023-10-29T11:40:37.149Z
"October 29, 2023 at 12:41PM",Readings,humidity,87.0,2023-10-29T11:41:37.068Z
"October 29, 2023 at 12:41PM",Readings,temperature,30.2000007629394,2023-10-29T11:41:37.068Z
"October 29, 2023 at 12:42PM",Readings,humidity,87.0,2023-10-29T11:42:37.161Z
"October 29, 2023 at 12:42PM",Readings,temperature,30.2000007629394,2023-10-29T11:42:37.161Z
"October 29, 2023 at 12:43PM",Readings,humidity,87.0,2023-10-29T11:43:37.273Z
"October 29, 2023 at 12:43PM",Readings,temperature,30.7999992370605,2023-10-29T11:43:37.273Z
"October 29, 2023 at 12:44PM",Readings,humidity,87.0,2023-10-29T11:44:37.288Z
"October 29, 2023 at 12:44PM",Readings,temperature,30.7999992370605,2023-10-29T11:44:37.288Z
"October 29, 2023 at 12:45PM",Readings,humidity,87.0,2023-10-29T11:45:37.07Z
"October 29, 2023 at 12:45PM",Readings,temperature,30.7999992370605,2023-10-29T11:45:37.07Z
"October 29, 2023 at 12:46PM",Readings,temperature,30.7999992370605,2023-10-29T11:46:37.182Z
"October 29, 2023 at 12:46PM",Readings,humidity,87.0,2023-10-29T11:46:37.182Z
"October 29, 2023 at 12:47PM",Readings,humidity,87.0,2023-10-29T11:47:37.185Z
"October 29, 2023 at 12:47PM",Readings,temperature,30.7999992370605,2023-10-29T11:47:37.185Z
"October 29, 2023 at 12:48PM",Readings,humidity,87.0,2023-10-29T11:48:37.213Z
"October 29, 2023 at 12:48PM",Readings,temperature,30.7999992370605,2023-10-29T11:48:37.213Z
"October 29, 2023 at 12:49PM",Readings,humidity,86.0,2023-10-29T11:49:37.193Z
"October 29, 2023 at 12:49PM",Readings,temperature,30.7999992370605,2023-10-29T11:49:37.193Z
"October 29, 2023 at 12:50PM",Readings,humidity,86.0,2023-10-29T11:50:37.221Z
"October 29, 2023 at 12:50PM",Readings,temperature,30.7999992370605,2023-10-29T11:50:37.221Z
"October 29, 2023 at 12:51PM",Readings,temperature,30.7999992370605,2023-10-29T11:51:37.23Z
"October 29, 2023 at 12:51PM",Readings,humidity,86.0,2023-10-29T11:51:37.23Z
"October 29, 2023 at 12:52PM",Readings,humidity,86.0,2023-10-29T11:52:37.323Z
"October 29, 2023 at 12:52PM",Readings,temperature,30.7999992370605,2023-10-29T11:52:37.323Z
"October 29, 2023 at 12:53PM",Readings,humidity,86.0,2023-10-29T11:53:37.18Z
"October 29, 2023 at 12:53PM",Readings,temperature,30.7999992370605,2023-10-29T11:53:37.18Z
"October 29, 2023 at 12:54PM",Readings,humidity,86.0,2023-10-29T11:54:37.139Z
"October 29, 2023 at 12:54PM",Readings,temperature,30.7999992370605,2023-10-29T11:54:37.139Z
"October 29, 2023 at 12:55PM",Readings,humidity,86.0,2023-10-29T11:55:37.241Z
"October 29, 2023 at 12:55PM",Readings,temperature,30.7999992370605,2023-10-29T11:55:37.241Z
"October 29, 2023 at 12:56PM",Readings,humidity,86.0,2023-10-29T11:56:37.246Z
"October 29, 2023 at 12:56PM",Readings,temperature,30.7999992370605,2023-10-29T11:56:37.246Z
"October 29, 2023 at 12:57PM",Readings,humidity,86.0,2023-10-29T11:57:37.245Z
"October 29, 2023 at 12:57PM",Readings,temperature,30.7999992370605,2023-10-29T11:57:37.245Z
"October 29, 2023 at 12:58PM",Readings,humidity,84.0,2023-10-29T11:58:37.361Z
"October 29, 2023 at 12:58PM",Readings,temperature,30.7999992370605,2023-10-29T11:58:37.361Z
"October 29, 2023 at 12:59PM",Readings,humidity,83.0,2023-10-29T11:59:37.274Z
"October 29, 2023 at 12:59PM",Readings,temperature,30.7999992370605,2023-10-29T11:59:37.274Z
"October 29, 2023 at 01:00PM",Readings,humidity,83.0,2023-10-29T12:00:37.28Z
"October 29, 2023 at 01:00PM",Readings,temperature,30.2000007629394,2023-10-29T12:00:37.28Z
"October 29, 2023 at 01:01PM",Readings,humidity,83.0,2023-10-29T12:01:37.369Z
"October 29, 2023 at 01:01PM",Readings,temperature,30.7999992370605,2023-10-29T12:01:37.369Z
"October 29, 2023 at 01:02PM",Readings,humidity,84.0,2023-10-29T12:02:37.381Z
"October 29, 2023 at 01:02PM",Readings,temperature,30.7999992370605,2023-10-29T12:02:37.381Z
"October 29, 2023 at 01:03PM",Readings,humidity,84.0,2023-10-29T12:03:37.403Z
"October 29, 2023 at 01:03PM",Readings,temperature,30.7999992370605,2023-10-29T12:03:37.403Z
"October 29, 2023 at 01:04PM",Readings,humidity,84.0,2023-10-29T12:04:37.35Z
"October 29, 2023 at 01:04PM",Readings,temperature,31.2999992370605,2023-10-29T12:04:37.35Z
"October 29, 2023 at 01:05PM",Readings,humidity,83.0,2023-10-29T12:05:37.406Z
"October 29, 2023 at 01:05PM",Readings,temperature,31.2999992370605,2023-10-29T12:05:37.406Z
"October 29, 2023 at 01:06PM",Readings,humidity,83.0,2023-10-29T12:06:37.42Z
"October 29, 2023 at 01:06PM",Readings,temperature,31.2999992370605,2023-10-29T12:06:37.42Z
"October 29, 2023 at 01:07PM",Readings,humidity,82.0,2023-10-29T12:07:37.428Z
"October 29, 2023 at 01:07PM",Readings,temperature,31.2999992370605,2023-10-29T12:07:37.428Z
"October 29, 2023 at 01:08PM",Readings,humidity,83.0,2023-10-29T12:08:37.433Z
"October 29, 2023 at 01:08PM",Readings,temperature,31.2999992370605,2023-10-29T12:08:37.433Z
"October 29, 2023 at 01:09PM",Readings,temperature,30.7999992370605,2023-10-29T12:09:39.542Z
"October 29, 2023 at 01:09PM",Readings,humidity,81.0,2023-10-29T12:09:39.542Z
"October 29, 2023 at 01:10PM",Readings,humidity,80.0,2023-10-29T12:10:37.54Z
"October 29, 2023 at 01:10PM",Readings,temperature,30.7999992370605,2023-10-29T12:10:37.54Z
"October 29, 2023 at 01:11PM",Readings,humidity,81.0,2023-10-29T12:11:37.542Z
"October 29, 2023 at 01:11PM",Readings,temperature,30.2000007629394,2023-10-29T12:11:37.542Z
"October 29, 2023 at 01:12PM",Readings,humidity,81.0,2023-10-29T12:12:37.65Z
"October 29, 2023 at 01:12PM",Readings,temperature,30.2000007629394,2023-10-29T12:12:37.65Z
"October 29, 2023 at 01:13PM",Readings,humidity,81.0,2023-10-29T12:13:37.674Z
"October 29, 2023 at 01:13PM",Readings,temperature,30.7999992370605,2023-10-29T12:13:37.674Z
"October 29, 2023 at 01:14PM",Readings,humidity,82.0,2023-10-29T12:14:37.679Z
"October 29, 2023 at 01:14PM",Readings,temperature,30.7999992370605,2023-10-29T12:14:37.679Z
"October 29, 2023 at 01:15PM",Readings,humidity,82.0,2023-10-29T12:15:37.672Z
"October 29, 2023 at 01:15PM",Readings,temperature,30.7999992370605,2023-10-29T12:15:37.672Z
"October 29, 2023 at 01:16PM",Readings,humidity,83.0,2023-10-29T12:16:37.692Z
"October 29, 2023 at 01:16PM",Readings,temperature,31.2999992370605,2023-10-29T12:16:37.692Z
"October 29, 2023 at 01:17PM",Readings,humidity,83.0,2023-10-29T12:17:37.589Z
"October 29, 2023 at 01:17PM",Readings,temperature,31.7999992370605,2023-10-29T12:17:37.589Z
"October 29, 2023 at 01:18PM",Readings,humidity,83.0,2023-10-29T12:18:39.691Z
"October 29, 2023 at 01:18PM",Readings,temperature,31.7999992370605,2023-10-29T12:18:39.691Z
"October 29, 2023 at 01:19PM",Readings,humidity,83.0,2023-10-29T12:19:37.564Z
"October 29, 2023 at 01:19PM",Readings,temperature,32.2999992370605,2023-10-29T12:19:37.564Z
"October 29, 2023 at 01:20PM",Readings,humidity,82.0,2023-10-29T12:20:37.601Z
"October 29, 2023 at 01:20PM",Readings,temperature,32.2999992370605,2023-10-29T12:20:37.601Z
"October 29, 2023 at 01:21PM",Readings,humidity,82.0,2023-10-29T12:21:37.616Z
"October 29, 2023 at 01:21PM",Readings,temperature,32.2999992370605,2023-10-29T12:21:37.616Z
"October 29, 2023 at 01:22PM",Readings,humidity,80.0,2023-10-29T12:22:38.208Z
"October 29, 2023 at 01:22PM",Readings,temperature,31.7999992370605,2023-10-29T12:22:38.208Z
"October 29, 2023 at 01:23PM",Readings,humidity,78.0,2023-10-29T12:23:37.841Z
"October 29, 2023 at 01:23PM",Readings,temperature,31.3999996185302,2023-10-29T12:23:37.841Z
"October 29, 2023 at 01:24PM",Readings,humidity,78.0,2023-10-29T12:24:37.736Z
"October 29, 2023 at 01:24PM",Readings,temperature,31.2999992370605,2023-10-29T12:24:37.736Z
"October 29, 2023 at 01:25PM",Readings,humidity,79.0,2023-10-29T12:25:37.849Z
"October 29, 2023 at 01:25PM",Readings,temperature,31.7999992370605,2023-10-29T12:25:37.849Z
"October 29, 2023 at 01:26PM",Readings,humidity,77.0,2023-10-29T12:26:39.86Z
"October 29, 2023 at 01:26PM",Readings,temperature,31.2999992370605,2023-10-29T12:26:39.86Z
"October 29, 2023 at 01:27PM",Readings,humidity,74.0,2023-10-29T12:27:39.66Z
"October 29, 2023 at 01:27PM",Readings,temperature,31.2999992370605,2023-10-29T12:27:39.66Z
"October 29, 2023 at 01:28PM",Readings,humidity,75.0,2023-10-29T12:28:37.86Z
"October 29, 2023 at 01:28PM",Readings,temperature,31.2999992370605,2023-10-29T12:28:37.86Z
"October 29, 2023 at 01:29PM",Readings,humidity,75.0,2023-10-29T12:29:40.071Z
"October 29, 2023 at 01:29PM",Readings,temperature,31.2999992370605,2023-10-29T12:29:40.071Z
"October 29, 2023 at 01:30PM",Readings,humidity,75.0,2023-10-29T12:30:37.893Z
"October 29, 2023 at 01:30PM",Readings,temperature,31.7999992370605,2023-10-29T12:30:37.893Z
"October 29, 2023 at 01:31PM",Readings,humidity,77.0,2023-10-29T12:31:37.885Z
"October 29, 2023 at 01:31PM",Readings,temperature,31.7999992370605,2023-10-29T12:31:37.885Z
"October 29, 2023 at 01:32PM",Readings,humidity,77.0,2023-10-29T12:32:37.887Z
"October 29, 2023 at 01:32PM",Readings,temperature,31.7999992370605,2023-10-29T12:32:37.887Z
"October 29, 2023 at 01:33PM",Readings,humidity,77.0,2023-10-29T12:33:37.829Z
"October 29, 2023 at 01:33PM",Readings,temperature,32.2999992370605,2023-10-29T12:33:37.829Z
"October 29, 2023 at 01:34PM",Readings,humidity,78.0,2023-10-29T12:34:37.897Z
"October 29, 2023 at 01:34PM",Readings,temperature,32.2999992370605,2023-10-29T12:34:37.897Z
"October 29, 2023 at 01:35PM",Readings,humidity,78.0,2023-10-29T12:35:37.912Z
"October 29, 2023 at 01:35PM",Readings,temperature,32.2999992370605,2023-10-29T12:35:37.912Z
"October 29, 2023 at 01:36PM",Readings,humidity,78.0,2023-10-29T12:36:38.029Z
"October 29, 2023 at 01:36PM",Readings,temperature,32.2999992370605,2023-10-29T12:36:38.029Z
"October 29, 2023 at 01:37PM",Readings,humidity,78.0,2023-10-29T12:37:37.92Z
"October 29, 2023 at 01:37PM",Readings,temperature,32.2999992370605,2023-10-29T12:37:37.92Z
"October 29, 2023 at 01:38PM",Readings,humidity,77.0,2023-10-29T12:38:37.936Z
"October 29, 2023 at 01:38PM",Readings,temperature,32.2999992370605,2023-10-29T12:38:37.936Z
"October 29, 2023 at 01:39PM",Readings,humidity,77.0,2023-10-29T12:39:38.042Z
"October 29, 2023 at 01:39PM",Readings,temperature,32.2999992370605,2023-10-29T12:39:38.042Z
"October 29, 2023 at 01:40PM",Readings,humidity,77.0,2023-10-29T12:40:38.047Z
"October 29, 2023 at 01:40PM",Readings,temperature,32.2999992370605,2023-10-29T12:40:38.047Z
"October 29, 2023 at 01:41PM",Readings,humidity,77.0,2023-10-29T12:41:38.055Z
"October 29, 2023 at 01:41PM",Readings,temperature,32.2999992370605,2023-10-29T12:41:38.055Z
"October 29, 2023 at 01:42PM",Readings,humidity,77.0,2023-10-29T12:42:38.063Z
"October 29, 2023 at 01:42PM",Readings,temperature,32.2999992370605,2023-10-29T12:42:38.063Z
"October 29, 2023 at 01:43PM",Readings,temperature,32.2999992370605,2023-10-29T12:43:38.168Z
"October 29, 2023 at 01:43PM",Readings,humidity,77.0,2023-10-29T12:43:38.168Z
"October 29, 2023 at 01:44PM",Readings,humidity,76.0,2023-10-29T12:44:38.045Z
"October 29, 2023 at 01:44PM",Readings,temperature,32.2999992370605,2023-10-29T12:44:38.045Z
"October 29, 2023 at 01:45PM",Readings,humidity,75.0,2023-10-29T12:45:38.193Z
"October 29, 2023 at 01:45PM",Readings,temperature,32.2999992370605,2023-10-29T12:45:38.193Z
"October 29, 2023 at 01:46PM",Readings,humidity,77.0,2023-10-29T12:46:39.158Z
"October 29, 2023 at 01:46PM",Readings,temperature,32.2999992370605,2023-10-29T12:46:39.158Z
"October 29, 2023 at 01:47PM",Readings,humidity,76.0,2023-10-29T12:47:38.201Z
"October 29, 2023 at 01:47PM",Readings,temperature,32.2999992370605,2023-10-29T12:47:38.201Z
"October 29, 2023 at 01:48PM",Readings,humidity,76.0,2023-10-29T12:48:38.209Z
"October 29, 2023 at 01:48PM",Readings,temperature,32.2999992370605,2023-10-29T12:48:38.209Z
"October 29, 2023 at 01:49PM",Readings,humidity,75.0,2023-10-29T12:49:38.203Z
"October 29, 2023 at 01:49PM",Readings,temperature,32.2999992370605,2023-10-29T12:49:38.203Z
"October 29, 2023 at 01:50PM",Readings,humidity,75.0,2023-10-29T12:50:38.42Z
"October 29, 2023 at 01:50PM",Readings,temperature,31.7999992370605,2023-10-29T12:50:38.42Z
"October 29, 2023 at 01:51PM",Readings,humidity,76.0,2023-10-29T12:51:38.231Z
"October 29, 2023 at 01:51PM",Readings,temperature,32.2999992370605,2023-10-29T12:51:38.231Z
"October 29, 2023 at 01:52PM",Readings,humidity,77.0,2023-10-29T12:52:38.337Z
"October 29, 2023 at 01:52PM",Readings,temperature,32.2999992370605,2023-10-29T12:52:38.337Z
"October 29, 2023 at 01:53PM",Readings,humidity,76.0,2023-10-29T12:53:38.334Z
"October 29, 2023 at 01:53PM",Readings,temperature,32.2999992370605,2023-10-29T12:53:38.334Z
"October 29, 2023 at 01:54PM",Readings,humidity,76.0,2023-10-29T12:54:38.358Z
"October 29, 2023 at 01:54PM",Readings,temperature,32.2999992370605,2023-10-29T12:54:38.358Z
"October 29, 2023 at 01:55PM",Readings,humidity,75.0,2023-10-29T12:55:38.269Z
"October 29, 2023 at 01:55PM",Readings,temperature,32.2999992370605,2023-10-29T12:55:38.269Z
"October 29, 2023 at 01:56PM",Readings,humidity,75.0,2023-10-29T12:56:38.361Z
"October 29, 2023 at 01:56PM",Readings,temperature,32.5,2023-10-29T12:56:38.361Z
"October 29, 2023 at 01:57PM",Readings,humidity,75.0,2023-10-29T12:57:38.37Z
"October 29, 2023 at 01:57PM",Readings,temperature,32.7999992370605,2023-10-29T12:57:38.37Z
"October 29, 2023 at 01:58PM",Readings,humidity,76.0,2023-10-29T12:58:38.367Z
"October 29, 2023 at 01:58PM",Readings,temperature,32.7999992370605,2023-10-29T12:58:38.367Z
"October 29, 2023 at 01:59PM",Readings,humidity,76.0,2023-10-29T12:59:38.376Z
"October 29, 2023 at 01:59PM",Readings,temperature,32.7999992370605,2023-10-29T12:59:38.376Z
"October 29, 2023 at 02:00PM",Readings,humidity,75.0,2023-10-29T13:00:38.396Z
"October 29, 2023 at 02:00PM",Readings,temperature,32.7999992370605,2023-10-29T13:00:38.396Z
"October 29, 2023 at 02:01PM",Readings,humidity,75.0,2023-10-29T13:01:38.395Z
"October 29, 2023 at 02:01PM",Readings,temperature,32.7999992370605,2023-10-29T13:01:38.395Z
"October 29, 2023 at 02:02PM",Readings,humidity,74.0,2023-10-29T13:02:38.494Z
"October 29, 2023 at 02:02PM",Readings,temperature,32.7999992370605,2023-10-29T13:02:38.494Z
"October 29, 2023 at 02:03PM",Readings,humidity,73.0,2023-10-29T13:03:38.52Z
"October 29, 2023 at 02:03PM",Readings,temperature,32.7999992370605,2023-10-29T13:03:38.52Z
"October 29, 2023 at 02:04PM",Readings,humidity,74.0,2023-10-29T13:04:38.408Z
"October 29, 2023 at 02:04PM",Readings,temperature,32.7999992370605,2023-10-29T13:04:38.408Z
"October 29, 2023 at 02:05PM",Readings,humidity,74.0,2023-10-29T13:05:38.524Z
"October 29, 2023 at 02:05PM",Readings,temperature,32.7999992370605,2023-10-29T13:05:38.524Z
"October 29, 2023 at 02:06PM",Readings,humidity,73.0,2023-10-29T13:06:38.528Z
"October 29, 2023 at 02:06PM",Readings,temperature,32.7999992370605,2023-10-29T13:06:38.528Z
"October 29, 2023 at 02:07PM",Readings,humidity,72.0,2023-10-29T13:07:38.526Z
"October 29, 2023 at 02:07PM",Readings,temperature,32.7999992370605,2023-10-29T13:07:38.526Z
"October 29, 2023 at 02:08PM",Readings,humidity,72.0,2023-10-29T13:08:38.531Z
"October 29, 2023 at 02:08PM",Readings,temperature,32.7999992370605,2023-10-29T13:08:38.531Z
"October 29, 2023 at 02:09PM",Readings,humidity,73.0,2023-10-29T13:09:38.435Z
"October 29, 2023 at 02:09PM",Readings,temperature,32.7999992370605,2023-10-29T13:09:38.435Z
"October 29, 2023 at 02:10PM",Readings,humidity,72.0,2023-10-29T13:10:38.552Z
"October 29, 2023 at 02:10PM",Readings,temperature,32.2999992370605,2023-10-29T13:10:38.552Z
"October 29, 2023 at 02:11PM",Readings,temperature,32.2999992370605,2023-10-29T13:11:38.548Z
"October 29, 2023 at 02:11PM",Readings,humidity,73.0,2023-10-29T13:11:38.548Z
"October 29, 2023 at 02:12PM",Readings,humidity,74.0,2023-10-29T13:12:38.564Z
"October 29, 2023 at 02:12PM",Readings,temperature,32.2999992370605,2023-10-29T13:12:38.564Z
"October 29, 2023 at 02:13PM",Readings,humidity,73.0,2023-10-29T13:13:38.577Z
"October 29, 2023 at 02:13PM",Readings,temperature,32.2999992370605,2023-10-29T13:13:38.577Z
"October 29, 2023 at 02:14PM",Readings,humidity,74.0,2023-10-29T13:14:38.581Z
"October 29, 2023 at 02:14PM",Readings,temperature,32.599998474121,2023-10-29T13:14:38.581Z
"October 29, 2023 at 02:15PM",Readings,humidity,75.0,2023-10-29T13:15:38.589Z
"October 29, 2023 at 02:15PM",Readings,temperature,32.7999992370605,2023-10-29T13:15:38.589Z
"October 29, 2023 at 02:16PM",Readings,humidity,75.0,2023-10-29T13:16:38.598Z
"October 29, 2023 at 02:16PM",Readings,temperature,32.7999992370605,2023-10-29T13:16:38.598Z
"October 29, 2023 at 02:17PM",Readings,humidity,75.0,2023-10-29T13:17:38.603Z
"October 29, 2023 at 02:17PM",Readings,temperature,32.7999992370605,2023-10-29T13:17:38.603Z
"October 29, 2023 at 02:18PM",Readings,humidity,73.0,2023-10-29T13:18:38.708Z
"October 29, 2023 at 02:18PM",Readings,temperature,33.2999992370605,2023-10-29T13:18:38.708Z
"October 29, 2023 at 02:19PM",Readings,humidity,74.0,2023-10-29T13:19:38.709Z
"October 29, 2023 at 02:19PM",Readings,temperature,33.2999992370605,2023-10-29T13:19:38.709Z
"October 29, 2023 at 02:20PM",Readings,humidity,74.0,2023-10-29T13:20:38.619Z
"October 29, 2023 at 02:20PM",Readings,temperature,33.2999992370605,2023-10-29T13:20:38.619Z
"October 29, 2023 at 02:21PM",Readings,humidity,74.0,2023-10-29T13:21:38.842Z
"October 29, 2023 at 02:21PM",Readings,temperature,33.2999992370605,2023-10-29T13:21:38.842Z
"October 29, 2023 at 02:22PM",Readings,humidity,73.0,2023-10-29T13:22:38.731Z
"October 29, 2023 at 02:22PM",Readings,temperature,33.2999992370605,2023-10-29T13:22:38.731Z
"October 29, 2023 at 02:23PM",Readings,humidity,70.0,2023-10-29T13:23:38.736Z
"October 29, 2023 at 02:23PM",Readings,temperature,33.2999992370605,2023-10-29T13:23:38.736Z
"October 29, 2023 at 02:24PM",Readings,humidity,70.0,2023-10-29T13:24:38.752Z
"October 29, 2023 at 02:24PM",Readings,temperature,33.2999992370605,2023-10-29T13:24:38.752Z
"October 29, 2023 at 02:25PM",Readings,humidity,70.0,2023-10-29T13:25:38.747Z
"October 29, 2023 at 02:25PM",Readings,temperature,33.2999992370605,2023-10-29T13:25:38.747Z
"October 29, 2023 at 02:26PM",Readings,humidity,70.0,2023-10-29T13:26:38.752Z
"October 29, 2023 at 02:26PM",Readings,temperature,33.2999992370605,2023-10-29T13:26:38.752Z
"October 29, 2023 at 02:27PM",Readings,humidity,72.0,2023-10-29T13:27:38.769Z
"October 29, 2023 at 02:27PM",Readings,temperature,33.2999992370605,2023-10-29T13:27:38.769Z
"October 29, 2023 at 02:28PM",Readings,humidity,72.0,2023-10-29T13:28:38.789Z
"October 29, 2023 at 02:28PM",Readings,temperature,33.2999992370605,2023-10-29T13:28:38.789Z
"October 29, 2023 at 02:29PM",Readings,temperature,33.2999992370605,2023-10-29T13:29:38.875Z
"October 29, 2023 at 02:29PM",Readings,humidity,72.0,2023-10-29T13:29:38.875Z
"October 29, 2023 at 02:30PM",Readings,humidity,72.0,2023-10-29T13:30:38.902Z
"October 29, 2023 at 02:30PM",Readings,temperature,33.7999992370605,2023-10-29T13:30:38.902Z
"October 29, 2023 at 02:31PM",Readings,humidity,72.0,2023-10-29T13:31:38.787Z
"October 29, 2023 at 02:31PM",Readings,temperature,33.7999992370605,2023-10-29T13:31:38.787Z
"October 29, 2023 at 02:32PM",Readings,humidity,72.0,2023-10-29T13:32:38.787Z
"October 29, 2023 at 02:32PM",Readings,temperature,33.7999992370605,2023-10-29T13:32:38.787Z
"October 29, 2023 at 02:33PM",Readings,humidity,73.0,2023-10-29T13:33:38.922Z
"October 29, 2023 at 02:33PM",Readings,temperature,33.7999992370605,2023-10-29T13:33:38.922Z
"October 29, 2023 at 02:34PM",Readings,temperature,33.7999992370605,2023-10-29T13:34:38.904Z
"October 29, 2023 at 02:34PM",Readings,humidity,71.0,2023-10-29T13:34:38.904Z
"October 29, 2023 at 02:35PM",Readings,humidity,71.0,2023-10-29T13:35:38.914Z
"October 29, 2023 at 02:35PM",Readings,temperature,33.7999992370605,2023-10-29T13:35:38.914Z
"October 29, 2023 at 02:36PM",Readings,humidity,71.0,2023-10-29T13:36:38.932Z
"October 29, 2023 at 02:36PM",Readings,temperature,33.7999992370605,2023-10-29T13:36:38.932Z
"October 29, 2023 at 02:37PM",Readings,humidity,71.0,2023-10-29T13:37:38.94Z
"October 29, 2023 at 02:37PM",Readings,temperature,33.7999992370605,2023-10-29T13:37:38.94Z
"October 29, 2023 at 02:38PM",Readings,humidity,70.0,2023-10-29T13:38:38.93Z
"October 29, 2023 at 02:38PM",Readings,temperature,33.7999992370605,2023-10-29T13:38:38.93Z
"October 29, 2023 at 02:39PM",Readings,humidity,70.0,2023-10-29T13:39:38.958Z
"October 29, 2023 at 02:39PM",Readings,temperature,33.7999992370605,2023-10-29T13:39:38.958Z
"October 29, 2023 at 02:40PM",Readings,humidity,70.0,2023-10-29T13:40:39.047Z
"October 29, 2023 at 02:40PM",Readings,temperature,33.2999992370605,2023-10-29T13:40:39.047Z
"October 29, 2023 at 02:41PM",Readings,humidity,70.0,2023-10-29T13:41:39.06Z
"October 29, 2023 at 02:41PM",Readings,temperature,33.2999992370605,2023-10-29T13:41:39.06Z
"October 29, 2023 at 02:42PM",Readings,humidity,70.0,2023-10-29T13:42:39.073Z
"October 29, 2023 at 02:42PM",Readings,temperature,33.2999992370605,2023-10-29T13:42:39.073Z
"October 29, 2023 at 02:43PM",Readings,humidity,70.0,2023-10-29T13:43:38.948Z
"October 29, 2023 at 02:43PM",Readings,temperature,33.7999992370605,2023-10-29T13:43:38.948Z
"October 29, 2023 at 02:44PM",Readings,humidity,70.0,2023-10-29T13:44:39.081Z
"October 29, 2023 at 02:44PM",Readings,temperature,33.7999992370605,2023-10-29T13:44:39.081Z
"October 29, 2023 at 02:45PM",Readings,humidity,71.0,2023-10-29T13:45:39.102Z
"October 29, 2023 at 02:45PM",Readings,temperature,33.7999992370605,2023-10-29T13:45:39.102Z
"October 29, 2023 at 02:46PM",Readings,humidity,70.0,2023-10-29T13:46:39.088Z
"October 29, 2023 at 02:46PM",Readings,temperature,33.7999992370605,2023-10-29T13:46:39.088Z
"October 29, 2023 at 02:47PM",Readings,humidity,70.0,2023-10-29T13:47:39.098Z
"October 29, 2023 at 02:47PM",Readings,temperature,33.7999992370605,2023-10-29T13:47:39.098Z
"October 29, 2023 at 02:48PM",Readings,humidity,70.0,2023-10-29T13:48:39.109Z
"October 29, 2023 at 02:48PM",Readings,temperature,33.7999992370605,2023-10-29T13:48:39.109Z
"October 29, 2023 at 02:49PM",Readings,humidity,70.0,2023-10-29T13:49:39.205Z
"October 29, 2023 at 02:49PM",Readings,temperature,33.7999992370605,2023-10-29T13:49:39.205Z
"October 29, 2023 at 02:50PM",Readings,humidity,70.0,2023-10-29T13:50:39.216Z
"October 29, 2023 at 02:50PM",Readings,temperature,33.7999992370605,2023-10-29T13:50:39.216Z
"October 29, 2023 at 02:51PM",Readings,humidity,71.0,2023-10-29T13:51:39.242Z
"October 29, 2023 at 02:51PM",Readings,temperature,33.7999992370605,2023-10-29T13:51:39.242Z
"October 29, 2023 at 02:52PM",Readings,humidity,70.0,2023-10-29T13:52:39.23Z
"October 29, 2023 at 02:52PM",Readings,temperature,33.7999992370605,2023-10-29T13:52:39.23Z
"October 29, 2023 at 02:53PM",Readings,humidity,71.0,2023-10-29T13:53:39.237Z
"October 29, 2023 at 02:53PM",Readings,temperature,33.7999992370605,2023-10-29T13:53:39.237Z
"October 29, 2023 at 02:54PM",Readings,humidity,72.0,2023-10-29T13:54:39.26Z
"October 29, 2023 at 02:54PM",Readings,temperature,33.7999992370605,2023-10-29T13:54:39.26Z
"October 29, 2023 at 02:55PM",Readings,humidity,71.0,2023-10-29T13:55:39.256Z
"October 29, 2023 at 02:55PM",Readings,temperature,33.7999992370605,2023-10-29T13:55:39.256Z
"October 29, 2023 at 02:56PM",Readings,humidity,71.0,2023-10-29T13:56:39.263Z
"October 29, 2023 at 02:56PM",Readings,temperature,33.7999992370605,2023-10-29T13:56:39.263Z
"October 29, 2023 at 02:57PM",Readings,humidity,71.0,2023-10-29T13:57:39.275Z
"October 29, 2023 at 02:57PM",Readings,temperature,34.2000007629394,2023-10-29T13:57:39.275Z
"October 29, 2023 at 02:58PM",Readings,humidity,70.0,2023-10-29T13:58:39.376Z
"October 29, 2023 at 02:58PM",Readings,temperature,34.2000007629394,2023-10-29T13:58:39.376Z
"October 29, 2023 at 02:59PM",Readings,humidity,71.0,2023-10-29T13:59:39.383Z
"October 29, 2023 at 02:59PM",Readings,temperature,34.2000007629394,2023-10-29T13:59:39.383Z
"October 29, 2023 at 03:00PM",Readings,humidity,70.0,2023-10-29T14:00:39.296Z
"October 29, 2023 at 03:00PM",Readings,temperature,34.2000007629394,2023-10-29T14:00:39.296Z
"October 29, 2023 at 03:01PM",Readings,humidity,70.0,2023-10-29T14:01:39.296Z
"October 29, 2023 at 03:01PM",Readings,temperature,34.2000007629394,2023-10-29T14:01:39.296Z
"October 29, 2023 at 03:02PM",Readings,humidity,71.0,2023-10-29T14:02:39.401Z
"October 29, 2023 at 03:02PM",Readings,temperature,34.2000007629394,2023-10-29T14:02:39.401Z
"October 29, 2023 at 03:03PM",Readings,humidity,70.0,2023-10-29T14:03:39.412Z
"October 29, 2023 at 03:03PM",Readings,temperature,34.2000007629394,2023-10-29T14:03:39.412Z
"October 29, 2023 at 03:04PM",Readings,humidity,70.0,2023-10-29T14:04:39.409Z
"October 29, 2023 at 03:04PM",Readings,temperature,34.2000007629394,2023-10-29T14:04:39.409Z
"October 29, 2023 at 03:05PM",Readings,temperature,34.2000007629394,2023-10-29T14:05:39.519Z
"October 29, 2023 at 03:05PM",Readings,humidity,70.0,2023-10-29T14:05:39.519Z
"October 29, 2023 at 03:06PM",Readings,humidity,70.0,2023-10-29T14:06:39.444Z
"October 29, 2023 at 03:06PM",Readings,temperature,34.2000007629394,2023-10-29T14:06:39.444Z
"October 29, 2023 at 03:07PM",Readings,humidity,70.0,2023-10-29T14:07:39.532Z
"October 29, 2023 at 03:07PM",Readings,temperature,34.2000007629394,2023-10-29T14:07:39.532Z
"October 29, 2023 at 03:08PM",Readings,humidity,70.0,2023-10-29T14:08:39.546Z
"October 29, 2023 at 03:08PM",Readings,temperature,34.2000007629394,2023-10-29T14:08:39.546Z
"October 29, 2023 at 03:09PM",Readings,humidity,71.0,2023-10-29T14:09:39.552Z
"October 29, 2023 at 03:09PM",Readings,temperature,34.2000007629394,2023-10-29T14:09:39.552Z
"October 29, 2023 at 03:10PM",Readings,humidity,72.0,2023-10-29T14:10:39.556Z
"October 29, 2023 at 03:10PM",Readings,temperature,34.2000007629394,2023-10-29T14:10:39.556Z
"October 29, 2023 at 03:11PM",Readings,humidity,71.0,2023-10-29T14:11:39.564Z
"October 29, 2023 at 03:11PM",Readings,temperature,34.2000007629394,2023-10-29T14:11:39.564Z
"October 29, 2023 at 03:12PM",Readings,humidity,70.0,2023-10-29T14:12:39.587Z
"October 29, 2023 at 03:12PM",Readings,temperature,34.2000007629394,2023-10-29T14:12:39.587Z
"October 29, 2023 at 03:13PM",Readings,humidity,70.0,2023-10-29T14:13:39.695Z
"October 29, 2023 at 03:13PM",Readings,temperature,34.2000007629394,2023-10-29T14:13:39.695Z
"October 29, 2023 at 03:14PM",Readings,humidity,70.0,2023-10-29T14:14:39.683Z
"October 29, 2023 at 03:14PM",Readings,temperature,34.2000007629394,2023-10-29T14:14:39.683Z
"October 29, 2023 at 03:15PM",Readings,humidity,70.0,2023-10-29T14:15:39.693Z
"October 29, 2023 at 03:15PM",Readings,temperature,34.2000007629394,2023-10-29T14:15:39.693Z
"October 29, 2023 at 03:16PM",Readings,humidity,70.0,2023-10-29T14:16:39.695Z
"October 29, 2023 at 03:16PM",Readings,temperature,34.2000007629394,2023-10-29T14:16:39.695Z
"October 29, 2023 at 03:17PM",Readings,humidity,70.0,2023-10-29T14:17:39.581Z
"October 29, 2023 at 03:17PM",Readings,temperature,34.2000007629394,2023-10-29T14:17:39.581Z
"October 29, 2023 at 03:18PM",Readings,humidity,70.0,2023-10-29T14:18:39.587Z
"October 29, 2023 at 03:18PM",Readings,temperature,34.2000007629394,2023-10-29T14:18:39.587Z
"October 29, 2023 at 03:19PM",Readings,humidity,69.0,2023-10-29T14:19:39.623Z
"October 29, 2023 at 03:19PM",Readings,temperature,34.2000007629394,2023-10-29T14:19:39.623Z
"October 29, 2023 at 03:20PM",Readings,humidity,70.0,2023-10-29T14:20:39.715Z
"October 29, 2023 at 03:20PM",Readings,temperature,34.2000007629394,2023-10-29T14:20:39.715Z
"October 29, 2023 at 03:21PM",Readings,humidity,70.0,2023-10-29T14:21:39.742Z
"October 29, 2023 at 03:21PM",Readings,temperature,34.2000007629394,2023-10-29T14:21:39.742Z
"October 29, 2023 at 03:22PM",Readings,humidity,71.0,2023-10-29T14:22:39.734Z
"October 29, 2023 at 03:22PM",Readings,temperature,34.7000007629394,2023-10-29T14:22:39.734Z
"October 29, 2023 at 03:23PM",Readings,humidity,72.0,2023-10-29T14:23:39.738Z
"October 29, 2023 at 03:23PM",Readings,temperature,34.7000007629394,2023-10-29T14:23:39.738Z
"October 29, 2023 at 03:24PM",Readings,humidity,70.0,2023-10-29T14:24:39.758Z
"October 29, 2023 at 03:24PM",Readings,temperature,34.7000007629394,2023-10-29T14:24:39.758Z
"October 29, 2023 at 03:25PM",Readings,humidity,70.0,2023-10-29T14:25:39.721Z
"October 29, 2023 at 03:25PM",Readings,temperature,34.7000007629394,2023-10-29T14:25:39.721Z
"October 29, 2023 at 03:26PM",Readings,humidity,70.0,2023-10-29T14:26:39.756Z
"October 29, 2023 at 03:26PM",Readings,temperature,34.7000007629394,2023-10-29T14:26:39.756Z
"October 29, 2023 at 03:27PM",Readings,humidity,70.0,2023-10-29T14:27:39.897Z
"October 29, 2023 at 03:27PM",Readings,temperature,34.7000007629394,2023-10-29T14:27:39.897Z
"October 29, 2023 at 03:28PM",Readings,humidity,70.0,2023-10-29T14:28:39.872Z
"October 29, 2023 at 03:28PM",Readings,temperature,34.2000007629394,2023-10-29T14:28:39.872Z
"October 29, 2023 at 03:29PM",Readings,humidity,70.0,2023-10-29T14:29:39.877Z
"October 29, 2023 at 03:29PM",Readings,temperature,34.2000007629394,2023-10-29T14:29:39.877Z
"October 29, 2023 at 03:30PM",Readings,humidity,70.0,2023-10-29T14:30:39.898Z
"October 29, 2023 at 03:30PM",Readings,temperature,34.2000007629394,2023-10-29T14:30:39.898Z
"October 29, 2023 at 03:31PM",Readings,humidity,69.0,2023-10-29T14:31:39.903Z
"October 29, 2023 at 03:31PM",Readings,temperature,34.7000007629394,2023-10-29T14:31:39.903Z
"October 29, 2023 at 03:32PM",Readings,humidity,69.0,2023-10-29T14:32:39.92Z
"October 29, 2023 at 03:32PM",Readings,temperature,34.7000007629394,2023-10-29T14:32:39.92Z
"October 29, 2023 at 03:33PM",Readings,humidity,69.0,2023-10-29T14:33:39.919Z
"October 29, 2023 at 03:33PM",Readings,temperature,34.7000007629394,2023-10-29T14:33:39.919Z
"October 29, 2023 at 03:34PM",Readings,humidity,68.0,2023-10-29T14:34:39.924Z
"October 29, 2023 at 03:34PM",Readings,temperature,34.2000007629394,2023-10-29T14:34:39.924Z
"October 29, 2023 at 03:35PM",Readings,temperature,34.7000007629394,2023-10-29T14:35:39.922Z
"October 29, 2023 at 03:35PM",Readings,humidity,68.0,2023-10-29T14:35:39.922Z
"October 29, 2023 at 03:36PM",Readings,humidity,69.0,2023-10-29T14:36:39.932Z
"October 29, 2023 at 03:36PM",Readings,temperature,34.7000007629394,2023-10-29T14:36:39.932Z
"October 29, 2023 at 03:37PM",Readings,humidity,68.0,2023-10-29T14:37:40.034Z
"October 29, 2023 at 03:37PM",Readings,temperature,34.7000007629394,2023-10-29T14:37:40.034Z
"October 29, 2023 at 03:38PM",Readings,humidity,68.0,2023-10-29T14:38:40.044Z
"October 29, 2023 at 03:38PM",Readings,temperature,34.7000007629394,2023-10-29T14:38:40.044Z
"October 29, 2023 at 03:39PM",Readings,humidity,68.0,2023-10-29T14:39:13.735Z
"October 29, 2023 at 03:39PM",Readings,temperature,34.7000007629394,2023-10-29T14:39:13.735Z
"October 29, 2023 at 03:40PM",Readings,humidity,68.0,2023-10-29T14:40:13.737Z
"October 29, 2023 at 03:40PM",Readings,temperature,34.7000007629394,2023-10-29T14:40:13.737Z
"October 29, 2023 at 03:41PM",Readings,humidity,68.0,2023-10-29T14:41:13.746Z
"October 29, 2023 at 03:41PM",Readings,temperature,34.7000007629394,2023-10-29T14:41:13.746Z
"October 29, 2023 at 03:42PM",Readings,humidity,68.0,2023-10-29T14:42:13.964Z
"October 29, 2023 at 03:42PM",Readings,temperature,34.7000007629394,2023-10-29T14:42:13.964Z
"October 29, 2023 at 03:43PM",Readings,temperature,34.7000007629394,2023-10-29T14:43:13.82Z
"October 29, 2023 at 03:43PM",Readings,humidity,67.0,2023-10-29T14:43:13.82Z
"October 29, 2023 at 03:44PM",Readings,humidity,67.0,2023-10-29T14:44:13.867Z
"October 29, 2023 at 03:44PM",Readings,temperature,34.7000007629394,2023-10-29T14:44:13.867Z
"October 29, 2023 at 03:45PM",Readings,humidity,65.0,2023-10-29T14:45:13.905Z
"October 29, 2023 at 03:45PM",Readings,temperature,35.2000007629394,2023-10-29T14:45:13.905Z
"October 29, 2023 at 03:46PM",Readings,humidity,65.0,2023-10-29T14:46:13.985Z
"October 29, 2023 at 03:46PM",Readings,temperature,35.2000007629394,2023-10-29T14:46:13.985Z
"October 29, 2023 at 03:47PM",Readings,humidity,65.0,2023-10-29T14:47:13.99Z
"October 29, 2023 at 03:47PM",Readings,temperature,35.2000007629394,2023-10-29T14:47:13.99Z
"October 29, 2023 at 03:48PM",Readings,humidity,65.0,2023-10-29T14:48:14.005Z
"October 29, 2023 at 03:48PM",Readings,temperature,35.2000007629394,2023-10-29T14:48:14.005Z
"October 29, 2023 at 03:49PM",Readings,humidity,63.0,2023-10-29T14:49:13.998Z
"October 29, 2023 at 03:49PM",Readings,temperature,35.2000007629394,2023-10-29T14:49:13.998Z
"October 29, 2023 at 03:50PM",Readings,humidity,64.0,2023-10-29T14:50:14.018Z
"October 29, 2023 at 03:50PM",Readings,temperature,35.2000007629394,2023-10-29T14:50:14.018Z
"October 29, 2023 at 03:51PM",Readings,humidity,62.0,2023-10-29T14:51:14.023Z
"October 29, 2023 at 03:51PM",Readings,temperature,35.2000007629394,2023-10-29T14:51:14.023Z
"October 29, 2023 at 03:52PM",Readings,humidity,63.0,2023-10-29T14:52:14.131Z
"October 29, 2023 at 03:52PM",Readings,temperature,35.2000007629394,2023-10-29T14:52:14.131Z
"October 29, 2023 at 03:53PM",Readings,humidity,63.0,2023-10-29T14:53:14.125Z
"October 29, 2023 at 03:53PM",Readings,temperature,35.2000007629394,2023-10-29T14:53:14.125Z
"October 29, 2023 at 03:54PM",Readings,humidity,61.0,2023-10-29T14:54:14.146Z
"October 29, 2023 at 03:54PM",Readings,temperature,35.2000007629394,2023-10-29T14:54:14.146Z
"October 29, 2023 at 03:55PM",Readings,humidity,62.0,2023-10-29T14:55:14.098Z
"October 29, 2023 at 03:55PM",Readings,temperature,35.599998474121,2023-10-29T14:55:14.098Z
"October 29, 2023 at 03:56PM",Readings,humidity,61.0,2023-10-29T14:56:14.145Z
"October 29, 2023 at 03:56PM",Readings,temperature,35.599998474121,2023-10-29T14:56:14.145Z
"October 29, 2023 at 03:57PM",Readings,humidity,62.0,2023-10-29T14:57:14.16Z
"October 29, 2023 at 03:57PM",Readings,temperature,35.599998474121,2023-10-29T14:57:14.16Z
"October 29, 2023 at 03:58PM",Readings,humidity,63.0,2023-10-29T14:58:14.262Z
"October 29, 2023 at 03:58PM",Readings,temperature,35.599998474121,2023-10-29T14:58:14.262Z
"October 29, 2023 at 03:59PM",Readings,humidity,63.0,2023-10-29T14:59:14.178Z
"October 29, 2023 at 03:59PM",Readings,temperature,35.599998474121,2023-10-29T14:59:14.178Z
"October 30, 2023 at 08:33AM",Readings,humidity,94.0,2023-10-30T07:33:01.728Z
"October 30, 2023 at 08:33AM",Readings,temperature,27.6000003814697,2023-10-30T07:33:01.728Z
"October 30, 2023 at 08:34AM",Readings,humidity,95.0,2023-10-30T07:34:02.078Z
"October 30, 2023 at 08:34AM",Readings,temperature,27.6000003814697,2023-10-30T07:34:02.078Z
"October 30, 2023 at 08:35AM",Readings,humidity,95.0,2023-10-30T07:35:01.888Z
"October 30, 2023 at 08:35AM",Readings,temperature,27.1000003814697,2023-10-30T07:35:01.888Z
"October 30, 2023 at 08:36AM",Readings,humidity,96.0,2023-10-30T07:36:01.903Z
"October 30, 2023 at 08:36AM",Readings,temperature,27.1000003814697,2023-10-30T07:36:01.903Z
"October 30, 2023 at 08:37AM",Readings,humidity,96.0,2023-10-30T07:37:01.895Z
"October 30, 2023 at 08:37AM",Readings,temperature,27.1000003814697,2023-10-30T07:37:01.895Z
"October 30, 2023 at 08:38AM",Readings,temperature,27.1000003814697,2023-10-30T07:38:01.909Z
"October 30, 2023 at 08:38AM",Readings,humidity,96.0,2023-10-30T07:38:01.909Z
"October 30, 2023 at 08:39AM",Readings,humidity,96.0,2023-10-30T07:39:01.917Z
"October 30, 2023 at 08:39AM",Readings,temperature,27.1000003814697,2023-10-30T07:39:01.917Z
"October 30, 2023 at 08:40AM",Readings,humidity,96.0,2023-10-30T07:40:01.92Z
"October 30, 2023 at 08:40AM",Readings,temperature,27.1000003814697,2023-10-30T07:40:01.92Z
"October 30, 2023 at 08:41AM",Readings,humidity,96.0,2023-10-30T07:41:02.022Z
"October 30, 2023 at 08:41AM",Readings,temperature,27.1000003814697,2023-10-30T07:41:02.022Z
"October 30, 2023 at 08:42AM",Readings,humidity,96.0,2023-10-30T07:42:02.046Z
"October 30, 2023 at 08:42AM",Readings,temperature,27.2000007629394,2023-10-30T07:42:02.046Z
"October 30, 2023 at 08:43AM",Readings,humidity,96.0,2023-10-30T07:43:02.036Z
"October 30, 2023 at 08:43AM",Readings,temperature,27.6000003814697,2023-10-30T07:43:02.036Z
"October 30, 2023 at 08:44AM",Readings,humidity,96.0,2023-10-30T07:44:02.045Z
"October 30, 2023 at 08:44AM",Readings,temperature,27.6000003814697,2023-10-30T07:44:02.045Z
"October 30, 2023 at 08:45AM",Readings,humidity,96.0,2023-10-30T07:45:02.074Z
"October 30, 2023 at 08:45AM",Readings,temperature,27.6000003814697,2023-10-30T07:45:02.074Z
"October 30, 2023 at 08:46AM",Readings,humidity,96.0,2023-10-30T07:46:07.75Z
"October 30, 2023 at 08:46AM",Readings,temperature,27.6000003814697,2023-10-30T07:46:07.75Z
"October 30, 2023 at 08:47AM",Readings,humidity,96.0,2023-10-30T07:47:02.067Z
"October 30, 2023 at 08:47AM",Readings,temperature,27.6000003814697,2023-10-30T07:47:02.067Z
"October 30, 2023 at 08:48AM",Readings,temperature,27.6000003814697,2023-10-30T07:48:02.085Z
"October 30, 2023 at 08:48AM",Readings,humidity,96.0,2023-10-30T07:48:02.085Z
"October 30, 2023 at 08:49AM",Readings,humidity,96.0,2023-10-30T07:49:02.079Z
"October 30, 2023 at 08:49AM",Readings,temperature,27.6000003814697,2023-10-30T07:49:02.079Z
"October 30, 2023 at 08:50AM",Readings,humidity,96.0,2023-10-30T07:50:02.083Z
"October 30, 2023 at 08:50AM",Readings,temperature,27.1000003814697,2023-10-30T07:50:02.083Z
"October 30, 2023 at 08:51AM",Readings,humidity,96.0,2023-10-30T07:51:02.2Z
"October 30, 2023 at 08:51AM",Readings,temperature,27.1000003814697,2023-10-30T07:51:02.2Z
"October 30, 2023 at 08:52AM",Readings,humidity,96.0,2023-10-30T07:52:02.098Z
"October 30, 2023 at 08:52AM",Readings,temperature,27.2999992370605,2023-10-30T07:52:02.098Z
"October 30, 2023 at 08:53AM",Readings,humidity,96.0,2023-10-30T07:53:02.107Z
"October 30, 2023 at 08:53AM",Readings,temperature,27.6000003814697,2023-10-30T07:53:02.107Z
"October 30, 2023 at 08:54AM",Readings,humidity,96.0,2023-10-30T07:54:02.136Z
"October 30, 2023 at 08:54AM",Readings,temperature,27.6000003814697,2023-10-30T07:54:02.136Z
"October 30, 2023 at 08:55AM",Readings,humidity,96.0,2023-10-30T07:55:02.221Z
"October 30, 2023 at 08:55AM",Readings,temperature,27.6000003814697,2023-10-30T07:55:02.221Z
"October 30, 2023 at 08:56AM",Readings,temperature,27.6000003814697,2023-10-30T07:56:02.23Z
"October 30, 2023 at 08:56AM",Readings,humidity,96.0,2023-10-30T07:56:02.23Z
"October 30, 2023 at 08:57AM",Readings,humidity,96.0,2023-10-30T07:57:02.239Z
"October 30, 2023 at 08:57AM",Readings,temperature,27.6000003814697,2023-10-30T07:57:02.239Z
"October 30, 2023 at 08:58AM",Readings,humidity,96.0,2023-10-30T07:58:02.241Z
"October 30, 2023 at 08:58AM",Readings,temperature,27.6000003814697,2023-10-30T07:58:02.241Z
"October 30, 2023 at 08:59AM",Readings,humidity,96.0,2023-10-30T07:59:02.243Z
"October 30, 2023 at 08:59AM",Readings,temperature,27.6000003814697,2023-10-30T07:59:02.243Z
"October 30, 2023 at 09:00AM",Readings,temperature,27.6000003814697,2023-10-30T08:00:02.262Z
"October 30, 2023 at 09:00AM",Readings,humidity,96.0,2023-10-30T08:00:02.262Z
"October 30, 2023 at 09:01AM",Readings,humidity,96.0,2023-10-30T08:01:02.262Z
"October 30, 2023 at 09:01AM",Readings,temperature,27.6000003814697,2023-10-30T08:01:02.262Z
"October 30, 2023 at 09:02AM",Readings,humidity,96.0,2023-10-30T08:02:02.483Z
"October 30, 2023 at 09:02AM",Readings,temperature,27.6000003814697,2023-10-30T08:02:02.483Z
"October 30, 2023 at 09:03AM",Readings,humidity,95.0,2023-10-30T08:03:02.406Z
"October 30, 2023 at 09:03AM",Readings,temperature,28.0,2023-10-30T08:03:02.406Z
"October 30, 2023 at 09:04AM",Readings,humidity,95.0,2023-10-30T08:04:02.382Z
"October 30, 2023 at 09:04AM",Readings,temperature,28.0,2023-10-30T08:04:02.382Z
"October 30, 2023 at 09:05AM",Readings,humidity,95.0,2023-10-30T08:05:02.33Z
"October 30, 2023 at 09:05AM",Readings,temperature,28.0,2023-10-30T08:05:02.33Z
"October 30, 2023 at 09:06AM",Readings,humidity,95.0,2023-10-30T08:06:02.402Z
"October 30, 2023 at 09:06AM",Readings,temperature,28.0,2023-10-30T08:06:02.402Z
"October 30, 2023 at 09:07AM",Readings,temperature,28.0,2023-10-30T08:07:02.404Z
"October 30, 2023 at 09:07AM",Readings,humidity,95.0,2023-10-30T08:07:02.404Z
"October 30, 2023 at 09:08AM",Readings,humidity,95.0,2023-10-30T08:08:02.406Z
"October 30, 2023 at 09:08AM",Readings,temperature,28.0,2023-10-30T08:08:02.406Z
"October 30, 2023 at 09:09AM",Readings,humidity,95.0,2023-10-30T08:09:02.424Z
"October 30, 2023 at 09:09AM",Readings,temperature,28.0,2023-10-30T08:09:02.424Z
"October 30, 2023 at 09:10AM",Readings,humidity,95.0,2023-10-30T08:10:02.752Z
"October 30, 2023 at 09:10AM",Readings,temperature,28.0,2023-10-30T08:10:02.752Z
"October 30, 2023 at 09:11AM",Readings,humidity,96.0,2023-10-30T08:11:02.43Z
"October 30, 2023 at 09:11AM",Readings,temperature,27.6000003814697,2023-10-30T08:11:02.43Z
"October 30, 2023 at 09:12AM",Readings,humidity,96.0,2023-10-30T08:12:02.442Z
"October 30, 2023 at 09:12AM",Readings,temperature,27.6000003814697,2023-10-30T08:12:02.442Z
"October 30, 2023 at 09:13AM",Readings,humidity,96.0,2023-10-30T08:13:02.387Z
"October 30, 2023 at 09:13AM",Readings,temperature,27.6000003814697,2023-10-30T08:13:02.387Z
"October 30, 2023 at 09:14AM",Readings,temperature,27.6000003814697,2023-10-30T08:14:02.453Z
"October 30, 2023 at 09:14AM",Readings,humidity,96.0,2023-10-30T08:14:02.453Z
"October 30, 2023 at 09:15AM",Readings,humidity,96.0,2023-10-30T08:15:04.893Z
"October 30, 2023 at 09:15AM",Readings,temperature,27.6000003814697,2023-10-30T08:15:04.893Z
"October 30, 2023 at 09:16AM",Readings,humidity,96.0,2023-10-30T08:16:02.561Z
"October 30, 2023 at 09:16AM",Readings,temperature,27.6000003814697,2023-10-30T08:16:02.561Z
"October 30, 2023 at 09:17AM",Readings,humidity,96.0,2023-10-30T08:17:02.57Z
"October 30, 2023 at 09:17AM",Readings,temperature,27.6000003814697,2023-10-30T08:17:02.57Z
"October 30, 2023 at 09:18AM",Readings,humidity,96.0,2023-10-30T08:18:02.579Z
"October 30, 2023 at 09:18AM",Readings,temperature,27.6000003814697,2023-10-30T08:18:02.579Z
"October 30, 2023 at 09:19AM",Readings,humidity,96.0,2023-10-30T08:19:02.597Z
"October 30, 2023 at 09:19AM",Readings,temperature,27.6000003814697,2023-10-30T08:19:02.597Z
"October 30, 2023 at 09:20AM",Readings,temperature,27.6000003814697,2023-10-30T08:20:02.589Z
"October 30, 2023 at 09:20AM",Readings,humidity,96.0,2023-10-30T08:20:02.589Z
"October 30, 2023 at 09:21AM",Readings,humidity,96.0,2023-10-30T08:21:02.693Z
"October 30, 2023 at 09:21AM",Readings,temperature,27.6000003814697,2023-10-30T08:21:02.693Z
"October 30, 2023 at 09:22AM",Readings,humidity,96.0,2023-10-30T08:22:02.714Z
"October 30, 2023 at 09:22AM",Readings,temperature,27.6000003814697,2023-10-30T08:22:02.714Z
"October 30, 2023 at 09:23AM",Readings,temperature,27.6000003814697,2023-10-30T08:23:02.705Z
"October 30, 2023 at 09:23AM",Readings,humidity,96.0,2023-10-30T08:23:02.705Z
"October 30, 2023 at 09:24AM",Readings,humidity,95.0,2023-10-30T08:24:02.722Z
"October 30, 2023 at 09:24AM",Readings,temperature,28.0,2023-10-30T08:24:02.722Z
"October 30, 2023 at 09:25AM",Readings,humidity,95.0,2023-10-30T08:25:02.732Z
"October 30, 2023 at 09:25AM",Readings,temperature,28.0,2023-10-30T08:25:02.732Z
"October 30, 2023 at 09:26AM",Readings,humidity,95.0,2023-10-30T08:26:02.734Z
"October 30, 2023 at 09:26AM",Readings,temperature,28.0,2023-10-30T08:26:02.734Z
"October 30, 2023 at 09:27AM",Readings,humidity,95.0,2023-10-30T08:27:02.739Z
"October 30, 2023 at 09:27AM",Readings,temperature,28.0,2023-10-30T08:27:02.739Z
"October 30, 2023 at 09:28AM",Readings,humidity,95.0,2023-10-30T08:28:02.755Z
"October 30, 2023 at 09:28AM",Readings,temperature,28.0,2023-10-30T08:28:02.755Z
"October 30, 2023 at 09:29AM",Readings,humidity,96.0,2023-10-30T08:29:02.753Z
"October 30, 2023 at 09:29AM",Readings,temperature,27.6000003814697,2023-10-30T08:29:02.753Z
"October 30, 2023 at 09:30AM",Readings,humidity,96.0,2023-10-30T08:30:02.862Z
"October 30, 2023 at 09:30AM",Readings,temperature,27.6000003814697,2023-10-30T08:30:02.862Z
"October 30, 2023 at 09:31AM",Readings,humidity,95.0,2023-10-30T08:31:02.873Z
